-0.000002,0.000005,-0.000002,0.000013,-0.000002,-0.000004,0.000003,0.000002,0.000007,0.000002,0.000001,0.000002,-nan,-nan,-nan,0.000000,    ,-0.729947,0.200629,-0.653396,0.261881,-0.674988,-0.061161,0.735289,0.923504,0.107558,0.977756,0.180067,1.224034,0.000000,0.000000,0.000000,1.000000,    ,-0.729948,0.200630,-0.653397,0.261885,-0.674990,-0.061161,0.735291,0.923501,0.107557,0.977758,0.180067,1.224037,0.000000,0.000000,0.000000,1.000000,
-0.000001,0.000003,-0.000004,0.000009,0.000001,0.000001,0.000000,0.000001,0.000002,0.000003,-0.000003,0.000002,-nan,-nan,-nan,0.000000,    ,-0.679691,0.623690,-0.386045,0.687248,0.357165,0.741114,0.568492,1.543197,0.640667,0.248518,-0.726488,1.964671,0.000000,0.000000,0.000000,1.000000,    ,-0.679692,0.623692,-0.386047,0.687254,0.357164,0.741115,0.568493,1.543198,0.640668,0.248518,-0.726491,1.964676,0.000000,0.000000,0.000000,1.000000,
-0.000001,-0.000020,0.000003,0.000001,0.000002,-0.000019,0.000002,0.000002,-0.000005,0.000001,0.000034,0.000007,-nan,-nan,-nan,0.000000,    ,-0.971477,-0.061735,0.228955,1.321940,0.231323,-0.034308,0.972272,1.758067,-0.052168,0.997503,0.047610,0.768041,0.000000,0.000000,0.000000,1.000000,    ,-0.971477,-0.061736,0.228955,1.321938,0.231322,-0.034309,0.972274,1.758062,-0.052168,0.997504,0.047609,0.768046,0.000000,0.000000,0.000000,1.000000,
0.000006,0.000006,0.000004,0.000013,0.000003,-0.000002,0.000003,0.000002,0.000003,0.000008,-0.000007,0.000001,-nan,-nan,-nan,0.000000,    ,0.135865,0.227604,0.964229,0.116105,0.102450,-0.971263,0.214829,1.780157,0.985416,0.069598,-0.155279,1.634821,0.000000,0.000000,0.000000,1.000000,    ,0.135864,0.227605,0.964232,0.116103,0.102450,-0.971265,0.214829,1.780154,0.985419,0.069597,-0.155280,1.634820,0.000000,0.000000,0.000000,1.000000,
0.000007,0.000003,0.000003,0.000004,0.000003,0.000017,-0.000003,0.000004,-0.000003,0.000001,-0.000001,0.000004,-nan,-nan,-nan,0.000000,    ,0.148953,0.461200,0.874704,0.155518,0.981768,0.036660,-0.186514,0.062651,-0.118087,0.886538,-0.447331,0.829785,0.000000,0.000000,0.000000,1.000000,    ,0.148954,0.461202,0.874707,0.155517,0.981771,0.036661,-0.186515,0.062652,-0.118088,0.886539,-0.447332,0.829789,0.000000,0.000000,0.000000,1.000000,
-0.000004,-0.000012,-0.000001,0.000002,0.000002,0.000002,-0.000004,0.000002,0.000000,-0.000001,-0.000004,0.000003,-nan,-nan,-nan,0.000000,    ,-0.385931,-0.052906,-0.921010,1.666988,0.723012,0.602735,-0.337586,1.692027,0.572985,-0.796185,-0.194362,1.652622,0.000000,0.000000,0.000000,1.000000,    ,-0.385932,-0.052905,-0.921011,1.666991,0.723013,0.602736,-0.337588,1.692031,0.572985,-0.796187,-0.194362,1.652617,0.000000,0.000000,0.000000,1.000000,
-0.000003,0.000000,-0.000002,0.000001,0.000008,0.000000,0.000003,0.000001,0.000002,0.000012,-0.000002,0.000008,-nan,-nan,-nan,0.000000,    ,-0.713845,0.337636,-0.613537,1.109632,0.125346,0.923554,0.362403,1.789142,0.688995,0.181795,-0.701596,0.350240,0.000000,0.000000,0.000000,1.000000,    ,-0.713843,0.337636,-0.613538,1.109632,0.125347,0.923555,0.362402,1.789144,0.688993,0.181797,-0.701594,0.350243,0.000000,0.000000,0.000000,1.000000,
0.000002,0.000002,-0.000003,0.000002,0.000003,-0.000002,-0.000003,0.000003,-0.000004,0.000005,-0.000000,0.000001,-nan,-nan,-nan,0.000000,    ,0.497242,0.695626,-0.518513,1.393742,0.328643,-0.704112,-0.629460,0.180445,-0.802960,0.142589,-0.578726,1.767295,0.000000,0.000000,0.000000,1.000000,    ,0.497243,0.695624,-0.518511,1.393738,0.328644,-0.704113,-0.629463,0.180445,-0.802963,0.142588,-0.578727,1.767295,0.000000,0.000000,0.000000,1.000000,
0.000003,0.000001,-0.000002,0.000003,0.000003,-0.000003,0.000000,0.000003,-0.000053,-0.000005,-0.000005,0.000000,-nan,-nan,-nan,0.000000,    ,0.655623,0.623030,-0.426605,1.103948,0.754108,-0.569044,0.327888,0.991329,-0.038474,-0.536677,-0.842910,1.975932,0.000000,0.000000,0.000000,1.000000,    ,0.655625,0.623031,-0.426606,1.103952,0.754110,-0.569046,0.327888,0.991326,-0.038472,-0.536680,-0.842914,1.975931,0.000000,0.000000,0.000000,1.000000,
0.000001,-0.000004,0.000008,0.000014,-0.000003,-0.000004,0.000011,0.000004,0.000015,-0.000002,-0.000004,0.000001,-nan,-nan,-nan,0.000000,    ,0.791196,-0.523179,0.316690,0.534526,-0.602540,-0.755490,0.257258,1.940603,0.104664,-0.394360,-0.912976,1.819719,0.000000,0.000000,0.000000,1.000000,    ,0.791197,-0.523181,0.316693,0.534519,-0.602542,-0.755493,0.257261,1.940596,0.104666,-0.394361,-0.912980,1.819721,0.000000,0.000000,0.000000,1.000000,
0.000004,-0.000004,-0.000004,0.000000,-0.000016,-0.000002,0.000003,0.000010,-0.000002,-0.000004,-0.000004,0.000002,-nan,-nan,-nan,0.000000,    ,0.856466,-0.389067,-0.339254,1.698670,-0.048389,-0.714827,0.697625,0.587760,-0.513931,-0.581076,-0.631051,0.992331,0.000000,0.000000,0.000000,1.000000,    ,0.856469,-0.389069,-0.339256,1.698669,-0.048390,-0.714829,0.697627,0.587754,-0.513932,-0.581078,-0.631054,0.992329,0.000000,0.000000,0.000000,1.000000,
0.000001,0.000001,-0.000003,0.000000,-0.000001,0.000001,0.000002,0.000000,0.000001,-0.000005,0.000001,0.000001,-nan,-nan,-nan,0.000000,    ,0.814775,0.518572,-0.259279,0.367917,-0.432859,0.841605,0.323009,0.627151,0.385714,-0.150948,0.910186,0.963727,0.000000,0.000000,0.000000,1.000000,    ,0.814775,0.518572,-0.259278,0.367917,-0.432859,0.841605,0.323010,0.627151,0.385714,-0.150948,0.910187,0.963728,0.000000,0.000000,0.000000,1.000000,
-0.000002,-0.000000,0.000002,0.000003,0.000002,-0.000001,-0.000003,0.000000,0.000003,-0.000010,0.000002,0.000001,-nan,-nan,-nan,0.000000,    ,-0.476565,-0.767942,0.427961,0.689803,0.472995,-0.634306,-0.611499,1.793512,0.741054,-0.088996,0.665521,1.137505,0.000000,0.000000,0.000000,1.000000,    ,-0.476566,-0.767942,0.427960,0.689805,0.472996,-0.634307,-0.611501,1.793513,0.741056,-0.088995,0.665523,1.137505,0.000000,0.000000,0.000000,1.000000,
-0.000001,-0.000000,0.000001,0.000001,0.000004,0.000002,0.000003,0.000001,-0.000003,0.000001,-0.000004,0.000004,-nan,-nan,-nan,0.000000,    ,-0.643210,-0.214883,0.734919,1.485539,0.250915,0.847662,0.467452,0.790126,-0.723411,0.485072,-0.491307,0.642946,0.000000,0.000000,0.000000,1.000000,    ,-0.643210,-0.214883,0.734920,1.485537,0.250916,0.847663,0.467453,0.790127,-0.723413,0.485072,-0.491309,0.642949,0.000000,0.000000,0.000000,1.000000,
-0.000002,-0.000001,0.000001,0.000002,0.000004,-0.000000,-0.000000,0.000000,0.000002,-0.000003,0.000001,0.000007,-nan,-nan,-nan,0.000000,    ,-0.404829,-0.806711,0.430501,0.579268,0.166173,-0.527873,-0.832909,0.993186,0.899166,-0.265648,0.347752,0.092413,0.000000,0.000000,0.000000,1.000000,    ,-0.404830,-0.806711,0.430502,0.579267,0.166173,-0.527872,-0.832909,0.993186,0.899168,-0.265649,0.347752,0.092412,0.000000,0.000000,0.000000,1.000000,
0.000001,-0.000010,0.000003,0.000002,0.000003,-0.000001,-0.000000,0.000001,0.000002,0.000003,-0.000003,0.000004,-nan,-nan,-nan,0.000000,    ,0.973010,-0.119782,0.197241,1.173631,0.047049,-0.733807,-0.677727,1.859709,0.225916,0.668715,-0.708365,1.628633,0.000000,0.000000,0.000000,1.000000,    ,0.973011,-0.119783,0.197241,1.173629,0.047049,-0.733807,-0.677727,1.859706,0.225917,0.668718,-0.708368,1.628639,0.000000,0.000000,0.000000,1.000000,
-0.000002,0.000002,0.000002,0.000004,0.000002,0.000002,-0.000003,0.000003,-0.000003,-0.000003,-0.000003,0.000014,-nan,-nan,-nan,0.000000,    ,-0.722421,0.687548,0.073392,0.851038,0.324885,0.431213,-0.841728,1.604565,-0.610375,-0.584238,-0.534891,0.068775,0.000000,0.000000,0.000000,1.000000,    ,-0.722423,0.687549,0.073392,0.851041,0.324885,0.431214,-0.841730,1.604570,-0.610377,-0.584240,-0.534893,0.068774,0.000000,0.000000,0.000000,1.000000,
0.000004,-0.000003,-0.000003,0.000002,-0.000003,-0.000001,0.000055,0.000001,-0.000002,0.000001,-0.000001,0.000001,-nan,-nan,-nan,0.000000,    ,0.385564,-0.635504,-0.668936,1.545168,-0.849727,-0.527108,0.010996,1.888494,-0.359589,0.564173,-0.743239,1.242029,0.000000,0.000000,0.000000,1.000000,    ,0.385565,-0.635506,-0.668938,1.545165,-0.849730,-0.527109,0.010996,1.888493,-0.359590,0.564174,-0.743239,1.242031,0.000000,0.000000,0.000000,1.000000,
0.000000,0.000001,0.000001,0.000001,-0.000000,0.000001,0.000000,0.000000,0.000002,-0.000000,0.000000,0.000000,-nan,-nan,-nan,0.000000,    ,0.243838,0.753982,0.609962,0.476254,-0.953163,0.070262,0.294183,0.234360,0.178951,-0.653126,0.735801,1.058612,0.000000,0.000000,0.000000,1.000000,    ,0.243838,0.753983,0.609963,0.476254,-0.953163,0.070262,0.294183,0.234360,0.178951,-0.653126,0.735801,1.058612,0.000000,0.000000,0.000000,1.000000,
-4.999952,-0.938486,0.759749,0.909807,-0.727685,4.976066,-1.224798,52.324612,-0.680802,-0.964609,-5.103585,2.047032,-nan,-nan,-nan,0.000000,    ,-0.155829,-0.137083,0.978226,0.861512,-0.977892,0.161215,-0.133184,0.022340,-0.139448,-0.977352,-0.159174,1.367606,0.000000,0.000000,0.000000,1.000000,    ,-0.934965,-0.265733,0.235020,1.645321,-0.266295,0.963432,0.029939,1.191247,-0.234384,-0.034589,-0.971533,4.167141,0.000000,0.000000,0.000000,1.000000,
0.000003,-0.000004,-0.000003,0.000002,-0.000005,-0.000001,-0.000005,0.000005,0.000005,0.000006,-0.000006,0.000006,-nan,-nan,-nan,0.000000,    ,0.551314,-0.634849,-0.541313,1.815852,-0.759282,-0.112908,-0.640893,0.505111,0.345751,0.764342,-0.544277,1.908105,0.000000,0.000000,0.000000,1.000000,    ,0.551316,-0.634852,-0.541314,1.815849,-0.759285,-0.112908,-0.640896,0.505113,0.345753,0.764346,-0.544280,1.908117,0.000000,0.000000,0.000000,1.000000,
0.000001,0.000000,0.000001,0.000000,-0.000001,-0.000001,0.000002,0.000002,0.000002,-0.000001,0.000000,0.000001,-nan,-nan,-nan,0.000000,    ,0.301391,0.827195,0.474249,1.295237,-0.520909,-0.273751,0.808526,0.551051,0.798635,-0.490723,0.348387,1.896562,0.000000,0.000000,0.000000,1.000000,    ,0.301391,0.827195,0.474250,1.295237,-0.520909,-0.273751,0.808528,0.551049,0.798636,-0.490724,0.348387,1.896560,0.000000,0.000000,0.000000,1.000000,
0.000005,-0.000004,0.001045,0.000003,-0.000007,-0.000012,-0.000005,0.000002,0.000007,0.000006,-0.000002,0.000005,-nan,-nan,-nan,0.000000,    ,0.874505,-0.485016,0.000506,1.544236,-0.054383,-0.099092,-0.993591,1.988975,0.481957,0.868873,-0.113033,1.847515,0.000000,0.000000,0.000000,1.000000,    ,0.874509,-0.485018,0.000505,1.544232,-0.054383,-0.099093,-0.993596,1.988979,0.481961,0.868878,-0.113032,1.847525,0.000000,0.000000,0.000000,1.000000,
-0.000009,0.000002,-0.000005,0.000002,0.000004,0.000006,-0.000018,0.000000,-0.000019,-0.000004,-0.000002,0.000001,-nan,-nan,-nan,0.000000,    ,-0.282133,0.939914,-0.192257,1.848684,0.958264,0.266445,-0.103624,1.476148,-0.046172,-0.213468,-0.975858,0.995446,0.000000,0.000000,0.000000,1.000000,    ,-0.282136,0.939916,-0.192256,1.848687,0.958267,0.266443,-0.103626,1.476148,-0.046171,-0.213469,-0.975861,0.995447,0.000000,0.000000,0.000000,1.000000,
-0.000001,-0.000006,0.000004,0.000011,0.000000,-0.000001,-0.000004,0.000003,0.000003,0.000004,0.000003,0.000008,-nan,-nan,-nan,0.000000,    ,-0.300278,-0.643048,0.704502,1.080713,0.756457,-0.610452,-0.234779,1.064222,0.581038,0.462426,0.669743,0.085285,0.000000,0.000000,0.000000,1.000000,    ,-0.300279,-0.643052,0.704504,1.080701,0.756457,-0.610453,-0.234778,1.064219,0.581040,0.462428,0.669746,0.085286,0.000000,0.000000,0.000000,1.000000,
