0.000003,0.000002,0.000002,0.000001,0.000003,0.000001,-0.000002,0.000001,-0.000002,0.000004,0.000020,0.000001,-nan,-nan,-nan,0.000000,    ,0.109614,0.580037,0.807182,1.009186,0.120611,0.798313,-0.590042,0.879082,-0.986629,0.162032,0.017548,1.830351,0.000000,0.000000,0.000000,1.000000,    ,0.109614,0.580038,0.807183,1.009185,0.120611,0.798313,-0.590043,0.879083,-0.986631,0.162033,0.017548,1.830352,0.000000,0.000000,0.000000,1.000000,
-0.000010,-0.000003,-0.000003,0.000001,0.000000,-0.000005,0.000005,0.000030,-0.000004,-0.000013,0.000000,0.000005,-nan,-nan,-nan,0.000000,    ,-0.349816,-0.263022,-0.899137,1.281066,0.253018,-0.950636,0.179648,0.332845,-0.902004,-0.164654,0.399097,1.076555,0.000000,0.000000,0.000000,1.000000,    ,-0.349819,-0.263023,-0.899140,1.281067,0.253018,-0.950641,0.179649,0.332836,-0.902008,-0.164656,0.399097,1.076550,0.000000,0.000000,0.000000,1.000000,
0.000001,-0.000223,-0.000002,0.000003,0.000004,-0.000003,0.000005,0.000004,-0.000013,-0.000003,-0.000003,0.000006,-nan,-nan,-nan,0.000000,    ,0.931043,-0.006019,-0.364859,0.640423,0.301999,-0.548530,0.779687,1.583305,-0.204829,-0.836109,-0.508887,0.544887,0.000000,0.000000,0.000000,1.000000,    ,0.931045,-0.006018,-0.364858,0.640425,0.302000,-0.548532,0.779691,1.583298,-0.204832,-0.836112,-0.508889,0.544884,0.000000,0.000000,0.000000,1.000000,
0.000001,0.000000,-0.000004,0.000013,0.000024,-0.000006,-0.000003,0.000000,-0.000002,0.000004,-0.000011,0.000000,-nan,-nan,-nan,0.000000,    ,0.123784,0.942671,-0.309916,0.097760,0.016310,-0.314209,-0.949214,1.965786,-0.992175,0.112443,-0.054269,0.458818,0.000000,0.000000,0.000000,1.000000,    ,0.123784,0.942671,-0.309915,0.097759,0.016311,-0.314211,-0.949216,1.965785,-0.992178,0.112442,-0.054270,0.458818,0.000000,0.000000,0.000000,1.000000,
0.000000,0.000007,-0.000001,0.000005,0.000000,0.000000,0.000000,0.000000,0.000001,-0.000003,0.000315,0.000010,-nan,-nan,-nan,0.000000,    ,0.536805,0.236195,-0.809971,0.891428,0.739961,0.329416,0.586467,1.217317,0.405337,-0.914165,0.002057,0.616230,0.000000,0.000000,0.000000,1.000000,    ,0.536805,0.236197,-0.809971,0.891433,0.739961,0.329416,0.586467,1.217318,0.405338,-0.914168,0.002058,0.616224,0.000000,0.000000,0.000000,1.000000,
0.000001,0.000001,-0.000054,0.000003,0.000001,-0.000054,0.000001,0.000001,0.000001,-0.000003,-0.000005,0.000001,-nan,-nan,-nan,0.000000,    ,0.192348,0.981312,-0.005297,0.604505,0.087969,-0.011866,0.996053,0.662819,0.977376,-0.192055,-0.088608,1.260823,0.000000,0.000000,0.000000,1.000000,    ,0.192348,0.981311,-0.005297,0.604503,0.087969,-0.011866,0.996053,0.662820,0.977377,-0.192056,-0.088608,1.260821,0.000000,0.000000,0.000000,1.000000,
-0.000005,-0.000001,-0.000000,0.000004,0.000001,0.000000,-0.000001,0.000002,0.000001,-0.000002,0.000004,0.000001,-nan,-nan,-nan,0.000000,    ,-0.279666,-0.709150,-0.647220,0.555162,0.524078,0.452072,-0.721785,0.630559,0.804443,-0.541052,0.245221,1.471437,0.000000,0.000000,0.000000,1.000000,    ,-0.279664,-0.709150,-0.647220,0.555160,0.524079,0.452072,-0.721785,0.630560,0.804443,-0.541054,0.245220,1.471436,0.000000,0.000000,0.000000,1.000000,
-0.000011,0.000003,0.000027,0.000016,0.000002,0.000001,-0.000002,0.000000,-0.000001,-0.000120,-0.000005,0.000001,-nan,-nan,-nan,0.000000,    ,-0.316120,0.943957,0.094939,0.161036,0.888384,0.329648,-0.319541,0.897673,-0.332930,-0.016672,-0.942804,1.793494,0.000000,0.000000,0.000000,1.000000,    ,-0.316124,0.943960,0.094941,0.161038,0.888386,0.329647,-0.319542,0.897674,-0.332929,-0.016674,-0.942809,1.793495,0.000000,0.000000,0.000000,1.000000,
0.000002,-0.000000,0.000005,0.000001,0.000003,-0.000006,-0.000000,0.000000,0.000000,0.000001,0.000001,0.000000,-nan,-nan,-nan,0.000000,    ,0.170222,-0.977055,0.128019,1.776755,0.195493,-0.093849,-0.976204,1.623845,0.965819,0.191198,0.175033,1.820406,0.000000,0.000000,0.000000,1.000000,    ,0.170222,-0.977054,0.128018,1.776757,0.195494,-0.093850,-0.976204,1.623844,0.965819,0.191198,0.175033,1.820405,0.000000,0.000000,0.000000,1.000000,
0.000001,-0.000003,0.000002,0.000003,0.000002,0.000003,0.000003,0.000002,-0.000001,0.000001,0.000001,0.000000,-nan,-nan,-nan,0.000000,    ,0.057821,-0.719110,0.692486,1.956690,0.774363,0.470101,0.423517,0.896960,-0.630094,0.511748,0.584034,0.988865,0.000000,0.000000,0.000000,1.000000,    ,0.057821,-0.719112,0.692488,1.956685,0.774365,0.470102,0.423518,0.896962,-0.630093,0.511747,0.584033,0.988864,0.000000,0.000000,0.000000,1.000000,
-0.000002,-0.000003,0.000003,0.000011,0.000000,0.000004,0.000004,0.000000,-0.000002,0.000001,-0.000007,0.000001,-nan,-nan,-nan,0.000000,    ,-0.402887,-0.841927,0.358943,0.480265,0.023827,0.382400,0.923690,1.533751,-0.914939,0.380695,-0.134003,1.720897,0.000000,0.000000,0.000000,1.000000,    ,-0.402888,-0.841930,0.358944,0.480260,0.023827,0.382401,0.923693,1.533751,-0.914942,0.380696,-0.134004,1.720899,0.000000,0.000000,0.000000,1.000000,
-0.000007,-0.000004,-0.000003,0.000000,-0.000002,0.000002,0.000001,0.000000,-0.000135,0.000001,-0.000001,0.000013,-nan,-nan,-nan,0.000000,    ,-0.421974,-0.452333,-0.785705,1.499538,-0.906607,0.209225,0.366455,0.179715,-0.001370,0.866960,-0.498375,0.114830,0.000000,0.000000,0.000000,1.000000,    ,-0.421977,-0.452334,-0.785708,1.499538,-0.906608,0.209225,0.366455,0.179715,-0.001370,0.866961,-0.498376,0.114832,0.000000,0.000000,0.000000,1.000000,
-0.000004,0.000001,-0.000002,0.000001,0.000003,0.000002,-0.000001,0.000000,-0.000031,-0.000003,-0.000004,0.000000,-nan,-nan,-nan,0.000000,    ,-0.609034,0.544193,-0.577002,1.397032,0.792158,0.381093,-0.476711,0.731060,-0.039531,-0.747410,-0.663186,1.583314,0.000000,0.000000,0.000000,1.000000,    ,-0.609037,0.544193,-0.577003,1.397034,0.792161,0.381094,-0.476710,0.731061,-0.039533,-0.747412,-0.663188,1.583315,0.000000,0.000000,0.000000,1.000000,
-0.000003,-0.000006,0.000414,0.000001,0.000011,-0.000003,-0.000003,0.000006,0.000088,-0.000003,0.000004,0.000006,-nan,-nan,-nan,0.000000,    ,-0.998463,-0.055392,0.002031,1.393879,0.054945,-0.993911,-0.095512,0.844137,0.007310,-0.095253,0.995426,0.721871,0.000000,0.000000,0.000000,1.000000,    ,-0.998465,-0.055392,0.002031,1.393879,0.054946,-0.993913,-0.095512,0.844132,0.007309,-0.095254,0.995430,0.721867,0.000000,0.000000,0.000000,1.000000,
0.000002,0.000005,0.000007,0.000001,0.000001,0.000000,-0.000001,0.000005,-0.000002,0.000001,0.000001,0.000002,-nan,-nan,-nan,0.000000,    ,0.949042,0.284383,0.135816,1.474696,0.057614,0.267134,-0.961936,0.193308,-0.309839,0.920742,0.237137,0.632921,0.000000,0.000000,0.000000,1.000000,    ,0.949043,0.284385,0.135817,1.474697,0.057614,0.267134,-0.961936,0.193309,-0.309839,0.920742,0.237137,0.632923,0.000000,0.000000,0.000000,1.000000,
0.000002,0.000003,-0.000002,0.000003,0.000003,-0.000001,-0.000002,0.000000,-0.000001,0.000003,-0.000002,0.000003,-nan,-nan,-nan,0.000000,    ,0.635732,0.759586,-0.137386,1.090981,0.587350,-0.591494,-0.552408,0.426415,-0.500865,0.270490,-0.822174,0.805953,0.000000,0.000000,0.000000,1.000000,    ,0.635733,0.759588,-0.137386,1.090984,0.587348,-0.591493,-0.552407,0.426415,-0.500865,0.270490,-0.822175,0.805956,0.000000,0.000000,0.000000,1.000000,
-0.000004,-0.000003,-0.000003,0.000071,-0.000005,0.000001,-0.000002,0.000004,0.000002,-0.000000,-0.000005,0.000000,-nan,-nan,-nan,0.000000,    ,-0.132263,-0.967169,-0.217006,0.050260,-0.064065,0.226813,-0.971829,0.626359,0.989142,-0.114635,-0.091961,1.925558,0.000000,0.000000,0.000000,1.000000,    ,-0.132264,-0.967171,-0.217007,0.050256,-0.064065,0.226813,-0.971831,0.626361,0.989144,-0.114634,-0.091961,1.925559,0.000000,0.000000,0.000000,1.000000,
-0.000000,0.000012,-0.000016,0.000000,0.000032,-0.000001,-0.000000,0.000002,-0.000002,-0.000002,0.000002,0.000008,-nan,-nan,-nan,0.000000,    ,-0.993050,0.076653,-0.089310,1.523319,0.048136,-0.427942,-0.902523,0.914423,-0.107401,-0.900550,0.421278,0.604063,0.000000,0.000000,0.000000,1.000000,    ,-0.993050,0.076652,-0.089312,1.523320,0.048135,-0.427942,-0.902523,0.914425,-0.107401,-0.900551,0.421279,0.604058,0.000000,0.000000,0.000000,1.000000,
-0.000005,-0.000038,-0.000025,0.000003,-0.000024,0.000003,0.000005,0.000006,0.000005,0.000001,-0.000002,0.000006,-nan,-nan,-nan,0.000000,    ,-0.996416,-0.043949,-0.072278,0.448175,-0.074519,0.860403,0.504136,0.324960,0.040032,0.507715,-0.860595,0.581610,0.000000,0.000000,0.000000,1.000000,    ,-0.996421,-0.043947,-0.072276,0.448176,-0.074521,0.860406,0.504138,0.324962,0.040033,0.507715,-0.860597,0.581613,0.000000,0.000000,0.000000,1.000000,
0.000002,-0.000006,-0.000009,0.000001,-0.000005,-0.000001,-0.000001,0.000001,0.000029,0.000000,-0.000001,0.000001,-nan,-nan,-nan,0.000000,    ,0.947712,-0.230500,-0.220707,0.504675,-0.318884,-0.657017,-0.683112,0.696440,0.012449,0.717773,-0.696165,0.338678,0.000000,0.000000,0.000000,1.000000,    ,0.947714,-0.230501,-0.220709,0.504674,-0.318882,-0.657017,-0.683113,0.696441,0.012449,0.717773,-0.696166,0.338678,0.000000,0.000000,0.000000,1.000000,
0.000003,0.000004,0.000001,0.000000,-0.000003,-0.000000,0.000000,0.000001,0.000001,-0.000003,-0.000002,0.000000,-nan,-nan,-nan,0.000000,    ,0.901707,0.091574,0.422539,1.427501,-0.139261,-0.863707,0.484373,1.921992,0.409305,-0.495606,-0.766057,1.903244,0.000000,0.000000,0.000000,1.000000,    ,0.901709,0.091575,0.422539,1.427501,-0.139262,-0.863707,0.484373,1.921993,0.409306,-0.495607,-0.766059,1.903244,0.000000,0.000000,0.000000,1.000000,
-0.000004,0.000007,-0.000002,0.000000,0.000001,-0.000001,-0.000003,0.000000,-0.000004,-0.000001,0.000020,0.000000,-nan,-nan,-nan,0.000000,    ,-0.178620,0.161464,-0.970579,0.766129,0.612668,-0.753615,-0.238122,0.625116,-0.769892,-0.637176,0.035687,0.770422,0.000000,0.000000,0.000000,1.000000,    ,-0.178621,0.161463,-0.970581,0.766129,0.612669,-0.753616,-0.238123,0.625116,-0.769895,-0.637177,0.035686,0.770421,0.000000,0.000000,0.000000,1.000000,
-0.000001,-0.000004,0.000001,0.000000,0.000003,0.000000,0.000000,0.000000,-0.000000,0.000000,-0.000002,0.000001,-nan,-nan,-nan,0.000000,    ,-0.759175,-0.291785,0.581820,0.818424,0.225414,0.720710,0.655565,1.403343,-0.610608,0.628839,-0.481373,1.876557,0.000000,0.000000,0.000000,1.000000,    ,-0.759175,-0.291786,0.581819,0.818424,0.225415,0.720710,0.655565,1.403343,-0.610608,0.628839,-0.481373,1.876558,0.000000,0.000000,0.000000,1.000000,
0.000001,-0.000004,0.000002,0.000001,-0.000007,0.000000,0.000001,0.000001,-0.000001,-0.000002,0.000001,0.000000,-nan,-nan,-nan,0.000000,    ,0.909405,-0.067572,0.410385,1.829758,-0.058433,0.956169,0.286925,0.682510,-0.411786,-0.284911,0.865597,0.777142,0.000000,0.000000,0.000000,1.000000,    ,0.909406,-0.067573,0.410386,1.829756,-0.058433,0.956169,0.286925,0.682509,-0.411785,-0.284911,0.865597,0.777143,0.000000,0.000000,0.000000,1.000000,
0.000005,-0.000006,-0.000011,0.000002,0.000001,0.000003,0.000003,0.000005,-0.000005,-0.000004,0.000006,0.000003,-nan,-nan,-nan,0.000000,    ,0.880018,-0.424464,-0.213068,1.308869,0.325774,0.213027,0.921136,0.702701,-0.345600,-0.880028,0.325747,1.886968,0.000000,0.000000,0.000000,1.000000,    ,0.880022,-0.424467,-0.213070,1.308867,0.325774,0.213028,0.921139,0.702697,-0.345602,-0.880031,0.325749,1.886963,0.000000,0.000000,0.000000,1.000000,
