0.000004,-0.000004,-0.000004,0.000001,-0.000003,0.000000,-0.000001,0.000001,0.000002,0.000000,0.000001,0.000000,-nan,-nan,-nan,0.000000,    ,0.549687,-0.452786,-0.702017,0.867140,-0.095899,0.800608,-0.591465,1.002160,0.829848,0.392444,0.396662,1.173269,0.000000,0.000000,0.000000,1.000000,    ,0.549690,-0.452788,-0.702020,0.867140,-0.095900,0.800608,-0.591466,1.002161,0.829849,0.392444,0.396662,1.173269,0.000000,0.000000,0.000000,1.000000,
0.000002,-0.000002,0.000001,0.000002,-0.000003,-0.000003,-0.000003,0.000002,0.000002,-0.000007,-0.000002,0.000001,-nan,-nan,-nan,0.000000,    ,0.369450,-0.862150,0.346704,1.748508,-0.753581,-0.496277,-0.431075,0.501628,0.543712,-0.102009,-0.833049,0.972578,0.000000,0.000000,0.000000,1.000000,    ,0.369451,-0.862152,0.346704,1.748504,-0.753583,-0.496278,-0.431076,0.501627,0.543713,-0.102009,-0.833051,0.972579,0.000000,0.000000,0.000000,1.000000,
0.000003,-0.000002,-0.000014,0.000001,0.000002,0.000000,-0.000002,0.000001,0.000001,0.000002,0.000003,0.000000,-nan,-nan,-nan,0.000000,    ,0.760009,-0.647599,-0.054791,1.995290,0.420617,0.554387,-0.718148,1.603977,0.495447,0.522753,0.693730,1.017431,0.000000,0.000000,0.000000,1.000000,    ,0.760011,-0.647600,-0.054791,1.995289,0.420618,0.554387,-0.718149,1.603979,0.495447,0.522754,0.693732,1.017430,0.000000,0.000000,0.000000,1.000000,
0.000002,-0.000002,-0.000002,0.000001,-0.000001,-0.000002,0.000008,0.000003,-0.000002,0.000004,-0.000007,0.000004,-nan,-nan,-nan,0.000000,    ,0.179563,-0.324688,-0.928620,1.800386,-0.580495,-0.797070,0.166445,1.804533,-0.794218,0.509172,-0.331604,1.562643,0.000000,0.000000,0.000000,1.000000,    ,0.179562,-0.324688,-0.928622,1.800388,-0.580495,-0.797072,0.166446,1.804527,-0.794220,0.509174,-0.331606,1.562649,0.000000,0.000000,0.000000,1.000000,
0.000002,0.000007,-0.000010,0.000000,-0.000010,-0.000003,-0.000002,0.000000,-0.000001,0.000001,-0.000000,0.000002,-nan,-nan,-nan,0.000000,    ,0.992539,0.073907,-0.096976,1.914330,-0.063739,-0.363522,-0.929402,1.488272,-0.103943,0.928649,-0.356099,1.083082,0.000000,0.000000,0.000000,1.000000,    ,0.992541,0.073907,-0.096977,1.914331,-0.063738,-0.363523,-0.929404,1.488272,-0.103943,0.928650,-0.356099,1.083084,0.000000,0.000000,0.000000,1.000000,
-0.000003,-0.000004,0.000004,0.000020,0.000003,0.000002,0.000003,0.000000,-0.000003,0.000003,0.000002,0.000005,-nan,-nan,-nan,0.000000,    ,-0.215306,-0.782784,0.583860,0.544663,0.694295,0.297741,0.655213,1.944352,-0.686730,0.546443,0.479377,0.373993,0.000000,0.000000,0.000000,1.000000,    ,-0.215307,-0.782787,0.583863,0.544652,0.694297,0.297742,0.655215,1.944351,-0.686732,0.546444,0.479378,0.373995,0.000000,0.000000,0.000000,1.000000,
0.000015,-0.000035,-0.000007,0.000002,-0.000008,0.000006,-0.000007,0.000004,0.000006,0.000005,0.000010,0.000004,-nan,-nan,-nan,0.000000,    ,0.265187,-0.068392,-0.961768,1.627878,-0.747349,0.615668,-0.249846,1.195301,0.609217,0.785032,0.112155,1.485805,0.000000,0.000000,0.000000,1.000000,    ,0.265191,-0.068394,-0.961775,1.627881,-0.747354,0.615672,-0.249844,1.195305,0.609221,0.785036,0.112156,1.485810,0.000000,0.000000,0.000000,1.000000,
0.000004,0.000002,-0.000000,0.000042,-0.000001,-0.000321,-0.000002,0.000222,-0.000004,0.000009,0.000007,0.000001,-nan,-nan,-nan,0.000000,    ,0.200917,0.971798,-0.123457,0.102801,-0.520303,-0.000918,-0.853981,0.010248,-0.830010,0.235814,0.505445,0.750604,0.000000,0.000000,0.000000,1.000000,    ,0.200916,0.971800,-0.123457,0.102806,-0.520303,-0.000918,-0.853983,0.010251,-0.830014,0.235816,0.505449,0.750605,0.000000,0.000000,0.000000,1.000000,
-0.000002,-0.000001,-0.000002,0.000002,-0.000003,-0.000005,0.000000,0.000002,-0.000000,0.000003,-0.000003,0.000007,-nan,-nan,-nan,0.000000,    ,-0.030058,-0.922915,-0.383829,1.012408,-0.428953,-0.334934,0.838939,1.923873,-0.902827,0.189861,-0.385819,0.339392,0.000000,0.000000,0.000000,1.000000,    ,-0.030058,-0.922916,-0.383828,1.012406,-0.428951,-0.334936,0.838939,1.923868,-0.902827,0.189862,-0.385820,0.339394,0.000000,0.000000,0.000000,1.000000,
-0.000004,-0.000003,0.000140,0.000011,-0.000005,0.000004,-0.000004,0.000002,0.000006,-0.000010,-0.000006,0.000000,-nan,-nan,-nan,0.000000,    ,-0.239084,-0.970958,0.008946,0.425501,-0.610776,0.143219,-0.778743,1.311970,0.754845,-0.191650,-0.627279,0.520925,0.000000,0.000000,0.000000,1.000000,    ,-0.239085,-0.970961,0.008945,0.425496,-0.610779,0.143219,-0.778746,1.311973,0.754850,-0.191651,-0.627282,0.520924,0.000000,0.000000,0.000000,1.000000,
-0.000002,-0.000001,-0.000003,0.000001,0.000002,-0.000001,0.000001,0.000000,-0.000003,0.000003,0.000005,0.000000,-nan,-nan,-nan,0.000000,    ,-0.579209,-0.689544,-0.434794,0.915947,0.019939,-0.545197,0.838071,1.538355,-0.814935,0.476749,0.329531,1.600354,0.000000,0.000000,0.000000,1.000000,    ,-0.579210,-0.689545,-0.434795,0.915947,0.019939,-0.545196,0.838072,1.538356,-0.814938,0.476750,0.329533,1.600354,0.000000,0.000000,0.000000,1.000000,
-0.000003,-0.000005,-0.000007,0.000004,0.000005,-0.000006,0.000002,0.000003,-0.000003,-0.000011,0.000002,0.000007,-nan,-nan,-nan,0.000000,    ,-0.283667,-0.920979,-0.267079,1.342888,0.875570,-0.362338,0.319514,1.162997,-0.391038,-0.143211,0.909164,0.708872,0.000000,0.000000,0.000000,1.000000,    ,-0.283668,-0.920983,-0.267081,1.342882,0.875574,-0.362341,0.319513,1.162994,-0.391040,-0.143212,0.909166,0.708866,0.000000,0.000000,0.000000,1.000000,
0.000000,0.000002,-0.000004,0.000010,0.000001,0.000002,0.000002,0.000001,0.000002,-0.000003,-0.000003,0.000018,-nan,-nan,-nan,0.000000,    ,0.257218,0.890265,-0.375856,0.651270,0.546006,0.187019,0.816640,1.791953,0.797318,-0.415275,-0.437985,0.041912,0.000000,0.000000,0.000000,1.000000,    ,0.257218,0.890267,-0.375858,0.651276,0.546007,0.187019,0.816642,1.791952,0.797320,-0.415276,-0.437986,0.041911,0.000000,0.000000,0.000000,1.000000,
0.000004,0.000000,0.000001,0.000001,0.000001,0.000002,-0.000004,0.000004,-0.000001,0.000003,-0.000001,0.000009,-nan,-nan,-nan,0.000000,    ,0.195933,0.742667,0.640356,1.736305,0.864724,0.177105,-0.469985,0.415905,-0.462453,0.645817,-0.607501,0.461120,0.000000,0.000000,0.000000,1.000000,    ,0.195932,0.742667,0.640356,1.736306,0.864725,0.177104,-0.469987,0.415906,-0.462453,0.645819,-0.607502,0.461124,0.000000,0.000000,0.000000,1.000000,
0.000001,-0.000001,-0.000001,0.000001,-0.000001,-0.000025,-0.000000,0.000000,0.000001,0.000001,-0.000002,0.000005,-nan,-nan,-nan,0.000000,    ,0.364183,-0.641792,-0.674889,1.611205,-0.886443,-0.016617,-0.462539,1.946925,0.285639,0.766699,-0.574963,0.565099,0.000000,0.000000,0.000000,1.000000,    ,0.364183,-0.641792,-0.674889,1.611204,-0.886444,-0.016616,-0.462540,1.946925,0.285640,0.766699,-0.574964,0.565102,0.000000,0.000000,0.000000,1.000000,
0.000001,0.000016,-0.000000,0.000001,-0.000005,-0.000003,-0.000003,0.000001,-0.000003,0.000002,-0.000003,0.000006,-nan,-nan,-nan,0.000000,    ,0.714007,0.076007,-0.696001,1.957173,-0.358542,-0.814155,-0.456727,1.315703,-0.601367,0.575652,-0.554060,0.683949,0.000000,0.000000,0.000000,1.000000,    ,0.714007,0.076008,-0.696001,1.957175,-0.358544,-0.814157,-0.456729,1.315701,-0.601368,0.575653,-0.554062,0.683952,0.000000,0.000000,0.000000,1.000000,
-0.000017,-0.000002,-0.000002,0.000000,-0.000012,-0.000002,0.000003,0.000006,-0.000005,0.000005,-0.000052,0.000001,-nan,-nan,-nan,0.000000,    ,-0.030419,-0.412425,-0.910484,1.239576,-0.113446,-0.903594,0.413094,1.023340,-0.993078,0.115857,-0.019302,1.730497,0.000000,0.000000,0.000000,1.000000,    ,-0.030419,-0.412426,-0.910485,1.239576,-0.113448,-0.903597,0.413096,1.023334,-0.993083,0.115858,-0.019301,1.730498,0.000000,0.000000,0.000000,1.000000,
0.000002,0.000005,0.000004,0.000000,0.000008,-0.000006,-0.000012,0.000012,0.000005,0.000001,-0.000003,0.000035,-nan,-nan,-nan,0.000000,    ,0.665077,0.291124,0.687691,0.335310,0.656391,-0.667046,-0.352421,0.251422,0.356123,0.685781,-0.634728,0.085868,0.000000,0.000000,0.000000,1.000000,    ,0.665078,0.291126,0.687694,0.335310,0.656396,-0.667050,-0.352426,0.251419,0.356125,0.685782,-0.634730,0.085872,0.000000,0.000000,0.000000,1.000000,
0.000007,-0.000011,-0.000003,0.000001,0.000004,-0.000002,0.000001,0.000001,-0.000006,-0.000003,0.000024,0.000001,-nan,-nan,-nan,0.000000,    ,0.251257,-0.173549,-0.952235,1.789777,0.855800,-0.419774,0.302317,1.686222,-0.452190,-0.890882,0.043052,1.967590,0.000000,0.000000,0.000000,1.000000,    ,0.251259,-0.173551,-0.952238,1.789778,0.855804,-0.419774,0.302317,1.686221,-0.452192,-0.890885,0.043051,1.967587,0.000000,0.000000,0.000000,1.000000,
0.000007,0.000000,0.000005,0.000003,-0.000000,0.000015,0.000001,0.000001,0.000001,-0.000003,0.000003,0.000012,-nan,-nan,-nan,0.000000,    ,0.132665,0.926447,0.352271,0.849220,-0.946687,0.013169,0.321886,0.676461,0.293572,-0.376194,0.878803,0.389883,0.000000,0.000000,0.000000,1.000000,    ,0.132666,0.926448,0.352270,0.849222,-0.946687,0.013169,0.321887,0.676461,0.293572,-0.376195,0.878805,0.389879,0.000000,0.000000,0.000000,1.000000,
0.000001,-0.000000,0.000001,0.000001,0.000001,0.000002,0.000001,0.000002,-0.000001,-0.000003,0.000001,0.000000,-nan,-nan,-nan,0.000000,    ,0.500489,-0.837334,0.219959,0.468415,0.623909,0.524991,0.578897,0.431795,-0.600207,-0.152497,0.785173,0.696422,0.000000,0.000000,0.000000,1.000000,    ,0.500488,-0.837334,0.219959,0.468414,0.623910,0.524992,0.578897,0.431796,-0.600206,-0.152498,0.785172,0.696422,0.000000,0.000000,0.000000,1.000000,
-0.000003,-0.000004,-0.000042,0.000005,0.000008,-0.000005,-0.000004,0.000002,0.000000,-0.000002,0.000006,0.000003,-nan,-nan,-nan,0.000000,    ,-0.795280,-0.606082,-0.013912,0.847700,0.200775,-0.241658,-0.949363,1.157542,0.572030,-0.757803,0.313872,1.568902,0.000000,0.000000,0.000000,1.000000,    ,-0.795282,-0.606085,-0.013913,0.847696,0.200777,-0.241659,-0.949367,1.157544,0.572030,-0.757804,0.313874,1.568898,0.000000,0.000000,0.000000,1.000000,
-0.000002,-0.000003,-0.000002,0.000000,0.000000,0.000011,-0.000001,0.000042,0.000000,-0.000003,0.000008,0.000030,-nan,-nan,-nan,0.000000,    ,-0.541095,-0.548606,-0.637376,1.104467,0.646119,0.213921,-0.732644,0.134002,0.538281,-0.808251,0.238713,0.172912,0.000000,0.000000,0.000000,1.000000,    ,-0.541096,-0.548607,-0.637377,1.104467,0.646119,0.213923,-0.732645,0.134007,0.538281,-0.808253,0.238715,0.172907,0.000000,0.000000,0.000000,1.000000,
0.000006,-0.000001,-0.000001,0.000001,0.000001,0.000002,-0.000003,0.000004,0.000002,-0.000003,0.000002,0.000102,-nan,-nan,-nan,0.000000,    ,0.061640,-0.846209,-0.529274,1.449705,0.650621,0.436200,-0.621629,0.856861,0.756897,-0.306039,0.577449,0.031221,0.000000,0.000000,0.000000,1.000000,    ,0.061640,-0.846210,-0.529274,1.449704,0.650621,0.436201,-0.621630,0.856864,0.756899,-0.306040,0.577450,0.031218,0.000000,0.000000,0.000000,1.000000,
-0.000009,-0.000002,-0.000003,0.000000,0.000003,-0.000002,0.000008,0.000003,-0.000004,-0.000002,0.000003,0.000013,-nan,-nan,-nan,0.000000,    ,-0.310719,-0.666576,-0.677591,1.880201,0.827108,-0.540874,0.152799,1.761719,-0.468343,-0.512964,0.719390,0.354358,0.000000,0.000000,0.000000,1.000000,    ,-0.310722,-0.666578,-0.677593,1.880201,0.827111,-0.540875,0.152800,1.761713,-0.468345,-0.512965,0.719393,0.354353,0.000000,0.000000,0.000000,1.000000,
