-0.000001,0.000007,-0.000001,0.000007,0.000002,0.000003,-0.000004,0.000002,0.000025,-0.000004,-0.000004,0.000008,-nan,-nan,-nan,0.000000,    ,-0.543885,0.232710,-0.806248,0.742187,0.837212,0.215902,-0.502457,1.903861,0.057144,-0.948279,-0.312253,0.702996,0.000000,0.000000,0.000000,1.000000,    ,-0.543884,0.232711,-0.806249,0.742192,0.837214,0.215902,-0.502459,1.903865,0.057145,-0.948283,-0.312254,0.702990,0.000000,0.000000,0.000000,1.000000,
0.000001,0.000004,0.000019,0.000000,0.000025,-0.000002,-0.000002,0.000002,-0.000056,0.000001,-0.000002,0.000001,-nan,-nan,-nan,0.000000,    ,0.999579,0.028042,0.007511,1.705687,0.027540,-0.834166,-0.550826,0.505521,-0.009181,0.550800,-0.834586,1.599480,0.000000,0.000000,0.000000,1.000000,    ,0.999580,0.028042,0.007511,1.705686,0.027541,-0.834167,-0.550827,0.505520,-0.009181,0.550801,-0.834588,1.599482,0.000000,0.000000,0.000000,1.000000,
-0.000006,0.000004,0.000003,0.000002,0.000001,-0.000005,0.000001,0.000001,0.000000,0.000001,-0.000002,0.000004,-nan,-nan,-nan,0.000000,    ,-0.233340,0.491850,0.838830,0.052288,0.926897,-0.148282,0.344783,0.952040,0.293965,0.857960,-0.421294,0.856411,0.000000,0.000000,0.000000,1.000000,    ,-0.233342,0.491852,0.838832,0.052288,0.926897,-0.148282,0.344783,0.952039,0.293965,0.857962,-0.421295,0.856415,0.000000,0.000000,0.000000,1.000000,
-0.000006,0.000004,0.000004,0.000001,-0.000003,-0.000003,-0.000001,0.000002,-0.000002,-0.000003,0.000003,0.000006,-nan,-nan,-nan,0.000000,    ,-0.362402,0.541336,0.758696,0.673065,-0.928299,-0.136967,-0.345689,0.514975,-0.083218,-0.829575,0.552159,1.122982,0.000000,0.000000,0.000000,1.000000,    ,-0.362405,0.541338,0.758699,0.673066,-0.928302,-0.136966,-0.345689,0.514976,-0.083218,-0.829577,0.552161,1.122976,0.000000,0.000000,0.000000,1.000000,
0.000001,0.000000,-0.000000,0.000001,0.000000,0.000001,0.000001,0.000001,0.000002,-0.000001,-0.000003,0.000000,-nan,-nan,-nan,0.000000,    ,0.541388,0.619439,-0.568503,1.442904,0.595971,0.194218,0.779165,1.462118,0.593058,-0.760641,-0.264020,0.923174,0.000000,0.000000,0.000000,1.000000,    ,0.541387,0.619439,-0.568503,1.442905,0.595971,0.194218,0.779166,1.462116,0.593059,-0.760642,-0.264021,0.923174,0.000000,0.000000,0.000000,1.000000,
-0.000002,-0.000004,0.000002,0.000003,0.000001,-0.000004,0.000000,0.000008,-0.000000,0.000001,0.000001,0.000002,-nan,-nan,-nan,0.000000,    ,-0.592745,-0.434183,0.678335,1.519848,0.803170,-0.256167,0.537863,0.262990,-0.059764,0.863634,0.500564,1.754850,0.000000,0.000000,0.000000,1.000000,    ,-0.592746,-0.434184,0.678337,1.519843,0.803169,-0.256168,0.537863,0.262988,-0.059764,0.863635,0.500563,1.754853,0.000000,0.000000,0.000000,1.000000,
-0.000006,-0.000031,0.000003,0.000000,-0.000005,0.000002,-0.000011,0.000001,-0.000001,-0.000002,-0.000003,0.000001,-nan,-nan,-nan,0.000000,    ,-0.441037,-0.044620,0.896379,1.904351,-0.482069,0.854234,-0.194665,0.770773,-0.757031,-0.517971,-0.398259,0.558057,0.000000,0.000000,0.000000,1.000000,    ,-0.441040,-0.044619,0.896381,1.904351,-0.482071,0.854235,-0.194663,0.770773,-0.757032,-0.517972,-0.398260,0.558057,0.000000,0.000000,0.000000,1.000000,
-0.000002,-0.000003,0.000005,0.000006,0.000002,-0.000004,0.000003,0.000017,-0.000015,0.000005,0.000004,0.000001,-nan,-nan,-nan,0.000000,    ,-0.441842,-0.773213,0.454882,1.428754,0.880835,-0.277829,0.383328,0.227774,-0.170015,0.570047,0.803829,1.014273,0.000000,0.000000,0.000000,1.000000,    ,-0.441843,-0.773215,0.454884,1.428746,0.880837,-0.277830,0.383329,0.227770,-0.170018,0.570049,0.803833,1.014274,0.000000,0.000000,0.000000,1.000000,
-0.000003,-0.000003,-0.000000,0.000024,0.000008,-0.000006,-0.000004,0.000001,0.000004,-0.000004,0.000001,0.000040,-nan,-nan,-nan,0.000000,    ,-0.829059,-0.537109,-0.155486,0.131635,0.366141,-0.311296,-0.876947,1.717269,0.422613,-0.783970,0.454740,0.170520,0.000000,0.000000,0.000000,1.000000,    ,-0.829061,-0.537110,-0.155486,0.131632,0.366144,-0.311297,-0.876951,1.717270,0.422615,-0.783973,0.454741,0.170513,0.000000,0.000000,0.000000,1.000000,
0.000001,-0.000003,0.000001,0.000006,-0.000002,-0.000006,0.000001,0.000002,-0.000002,-0.000002,-0.000001,0.000005,-nan,-nan,-nan,0.000000,    ,0.837322,-0.318645,0.444249,0.222790,-0.521887,-0.223798,0.823133,1.770000,-0.162865,-0.921075,-0.353688,0.603982,0.000000,0.000000,0.000000,1.000000,    ,0.837323,-0.318646,0.444249,0.222788,-0.521888,-0.223799,0.823134,1.769996,-0.162865,-0.921077,-0.353688,0.603979,0.000000,0.000000,0.000000,1.000000,
-0.000002,-0.000000,0.000001,0.000002,-0.000002,0.000001,-0.000000,0.000000,0.000000,-0.000002,-0.000002,0.000000,-nan,-nan,-nan,0.000000,    ,-0.724922,-0.616633,0.307004,0.722040,-0.675777,0.550290,-0.490415,1.460393,0.133465,-0.562979,-0.815624,0.912675,0.000000,0.000000,0.000000,1.000000,    ,-0.724924,-0.616633,0.307004,0.722042,-0.675779,0.550289,-0.490415,1.460393,0.133465,-0.562980,-0.815625,0.912675,0.000000,0.000000,0.000000,1.000000,
0.000001,0.000006,-0.000004,0.000004,-0.000002,0.000003,0.000001,0.000151,0.000002,0.000001,0.000002,0.000002,-nan,-nan,-nan,0.000000,    ,0.395105,0.532529,-0.748535,1.975369,-0.473103,0.816421,0.331104,0.035658,0.787442,0.223313,0.574513,0.936493,0.000000,0.000000,0.000000,1.000000,    ,0.395106,0.532532,-0.748538,1.975378,-0.473104,0.816424,0.331104,0.035663,0.787444,0.223313,0.574515,0.936491,0.000000,0.000000,0.000000,1.000000,
2.513031,-2.488029,0.821576,0.025769,-0.141952,-3.945368,1.302021,1.141476,1.113945,-0.796777,-2.447742,1.269078,-nan,-nan,-nan,0.000000,    ,0.418273,-0.217347,0.881934,1.497776,-0.902258,-0.211421,0.375809,1.859667,0.104778,-0.952923,-0.284535,1.825528,0.000000,0.000000,0.000000,1.000000,    ,-0.632860,-0.758112,0.157358,1.536372,-0.774180,0.622712,-0.113502,3.982432,-0.011939,-0.193656,-0.981002,4.142265,0.000000,0.000000,0.000000,1.000000,
0.000144,-0.000008,0.000003,0.000086,-0.000002,-0.000016,-0.000116,0.000000,0.000014,-0.000003,-0.000000,0.000003,-nan,-nan,-nan,0.000000,    ,0.017624,-0.417632,0.908445,0.122657,-0.997495,-0.069601,-0.012646,1.580378,0.068510,-0.905947,-0.417812,1.576587,0.000000,0.000000,0.000000,1.000000,    ,0.017626,-0.417635,0.908448,0.122646,-0.997497,-0.069602,-0.012647,1.580378,0.068509,-0.905949,-0.417812,1.576581,0.000000,0.000000,0.000000,1.000000,
-0.000002,-0.000012,-0.000004,0.000002,0.000007,0.000002,-0.000003,0.000039,0.000013,-0.000003,-0.000003,0.000003,-nan,-nan,-nan,0.000000,    ,-0.972992,-0.048426,-0.225703,0.351151,0.131758,0.686328,-0.715258,0.134643,0.189543,-0.725679,-0.661411,0.585166,0.000000,0.000000,0.000000,1.000000,    ,-0.972994,-0.048426,-0.225702,0.351151,0.131759,0.686329,-0.715261,0.134649,0.189546,-0.725681,-0.661413,0.585164,0.000000,0.000000,0.000000,1.000000,
0.000001,-0.000000,0.000000,0.000002,0.000001,0.000001,-0.000000,0.000001,0.000002,0.000000,0.000001,0.000000,-nan,-nan,-nan,0.000000,    ,0.779905,-0.542424,0.312290,0.362418,0.568304,0.404632,-0.716452,1.599439,0.262258,0.736240,0.623836,1.950846,0.000000,0.000000,0.000000,1.000000,    ,0.779906,-0.542424,0.312290,0.362419,0.568304,0.404631,-0.716452,1.599438,0.262259,0.736240,0.623836,1.950846,0.000000,0.000000,0.000000,1.000000,
-0.000009,-0.000008,0.000001,0.000009,0.000020,0.000002,0.000005,0.000049,-0.000004,0.000002,0.000018,0.000015,-nan,-nan,-nan,0.000000,    ,-0.505947,-0.845719,0.169640,1.316708,0.196484,0.078501,0.977360,0.121366,-0.839888,0.527824,0.126453,0.331375,0.000000,0.000000,0.000000,1.000000,    ,-0.505951,-0.845726,0.169640,1.316696,0.196488,0.078501,0.977365,0.121360,-0.839891,0.527825,0.126451,0.331380,0.000000,0.000000,0.000000,1.000000,
0.000002,0.000002,0.000001,0.000003,0.000003,-0.000005,0.000006,0.000005,0.000006,0.000009,-0.000003,0.000002,-nan,-nan,-nan,0.000000,    ,0.539498,0.821709,0.183675,1.891366,0.819896,-0.562333,0.107481,0.935358,0.191605,0.092609,-0.977093,1.814575,0.000000,0.000000,0.000000,1.000000,    ,0.539499,0.821711,0.183675,1.891371,0.819899,-0.562336,0.107480,0.935353,0.191606,0.092610,-0.977097,1.814580,0.000000,0.000000,0.000000,1.000000,
-0.000003,0.000001,-0.000002,0.000007,0.000003,0.000003,0.000004,0.000003,0.000004,-0.000008,-0.000003,0.000057,-nan,-nan,-nan,0.000000,    ,-0.386594,0.557217,-0.734884,0.395751,0.412628,0.817140,0.402518,0.727251,0.824793,-0.147623,-0.545825,0.008511,0.000000,0.000000,0.000000,1.000000,    ,-0.386595,0.557217,-0.734886,0.395754,0.412630,0.817142,0.402519,0.727253,0.824795,-0.147624,-0.545827,0.008511,0.000000,0.000000,0.000000,1.000000,
-0.000001,0.000000,-0.000000,0.000000,-0.000002,-0.000001,0.000000,0.000000,0.000041,0.000002,0.000003,0.000001,-nan,-nan,-nan,0.000000,    ,-0.628880,0.402673,-0.665104,0.762908,-0.777454,-0.316121,0.543722,0.945004,0.008688,0.859024,0.511862,1.789393,0.000000,0.000000,0.000000,1.000000,    ,-0.628880,0.402673,-0.665104,0.762908,-0.777452,-0.316121,0.543721,0.945004,0.008689,0.859022,0.511861,1.789392,0.000000,0.000000,0.000000,1.000000,
-0.000000,-0.000014,0.000001,0.000001,-0.000001,0.000004,-0.000002,0.000000,-0.000012,-0.000001,-0.000003,0.000001,-nan,-nan,-nan,0.000000,    ,-0.739316,-0.055409,0.671076,0.804671,-0.662843,0.235333,-0.710815,1.614921,-0.118540,-0.970334,-0.210713,1.278308,0.000000,0.000000,0.000000,1.000000,    ,-0.739315,-0.055410,0.671075,0.804670,-0.662844,0.235332,-0.710816,1.614921,-0.118542,-0.970335,-0.210714,1.278308,0.000000,0.000000,0.000000,1.000000,
-0.000002,-0.000000,0.000001,0.000002,-0.000004,-0.000007,-0.000008,0.000001,0.000006,-0.000004,-0.000008,0.000001,-nan,-nan,-nan,0.000000,    ,-0.072673,-0.515487,0.853810,1.195299,-0.959606,-0.197158,-0.200711,0.854895,0.271799,-0.833908,-0.480337,0.954335,0.000000,0.000000,0.000000,1.000000,    ,-0.072673,-0.515487,0.853811,1.195297,-0.959610,-0.197159,-0.200713,0.854894,0.271801,-0.833911,-0.480340,0.954335,0.000000,0.000000,0.000000,1.000000,
0.000002,0.000002,0.000000,0.000002,0.000001,0.000001,-0.000003,0.000003,-0.000003,0.000005,0.000004,0.000001,-nan,-nan,-nan,0.000000,    ,0.546450,0.238143,0.802920,0.989538,0.146064,0.916926,-0.371365,1.539501,-0.824656,0.320210,0.466270,1.326355,0.000000,0.000000,0.000000,1.000000,    ,0.546451,0.238144,0.802920,0.989540,0.146064,0.916925,-0.371363,1.539497,-0.824659,0.320211,0.466272,1.326356,0.000000,0.000000,0.000000,1.000000,
0.000002,-0.000004,0.000002,0.000002,0.000002,0.000003,-0.000002,0.000003,-0.000001,0.000001,0.000003,0.000002,-nan,-nan,-nan,0.000000,    ,0.351956,-0.044598,0.934953,1.138941,0.838795,0.458310,-0.293896,1.277200,-0.415391,0.887673,0.198714,1.846009,0.000000,0.000000,0.000000,1.000000,    ,0.351957,-0.044598,0.934956,1.138939,0.838797,0.458312,-0.293897,1.277204,-0.415391,0.887674,0.198713,1.846013,0.000000,0.000000,0.000000,1.000000,
-0.000002,0.000005,-0.000010,0.000007,0.000004,0.000003,0.000003,0.000003,0.000004,0.000006,-0.000005,0.000003,-nan,-nan,-nan,0.000000,    ,-0.544351,0.768275,-0.336802,1.398566,0.359048,0.576253,0.734177,0.177385,0.758133,0.278722,-0.589532,1.995146,0.000000,0.000000,0.000000,1.000000,    ,-0.544353,0.768278,-0.336805,1.398576,0.359050,0.576255,0.734179,0.177385,0.758136,0.278724,-0.589535,1.995152,0.000000,0.000000,0.000000,1.000000,
