-0.000006,0.000001,0.000000,0.000001,-0.000001,-0.000003,0.000000,0.000002,0.000002,-0.000002,0.000002,0.000000,-nan,-nan,-nan,0.000000,    ,-0.136390,0.849584,0.509514,0.838005,-0.434043,-0.513575,0.740167,1.652091,0.890508,-0.120200,0.438802,1.030808,0.000000,0.000000,0.000000,1.000000,    ,-0.136389,0.849585,0.509515,0.838006,-0.434042,-0.513576,0.740167,1.652088,0.890510,-0.120200,0.438803,1.030807,0.000000,0.000000,0.000000,1.000000,
-0.000001,0.000000,0.000000,0.000000,0.000001,-0.000003,0.000002,0.000002,0.000001,0.000002,-0.000003,0.000008,-nan,-nan,-nan,0.000000,    ,-0.405781,0.516205,0.754237,0.419946,0.634240,-0.435155,0.639046,1.853613,0.658089,0.737680,-0.150821,0.532240,0.000000,0.000000,0.000000,1.000000,    ,-0.405781,0.516205,0.754237,0.419946,0.634241,-0.435156,0.639047,1.853610,0.658090,0.737682,-0.150821,0.532245,0.000000,0.000000,0.000000,1.000000,
-0.000002,0.000009,-0.000004,0.000180,0.000006,0.000005,-0.000006,0.000008,0.000003,-0.000005,-0.000001,0.000004,-nan,-nan,-nan,0.000000,    ,-0.548528,0.216039,-0.807740,0.035353,0.834707,0.197862,-0.513921,0.740512,0.048794,-0.956126,-0.288862,1.990475,0.000000,0.000000,0.000000,1.000000,    ,-0.548529,0.216041,-0.807743,0.035360,0.834712,0.197863,-0.513924,0.740518,0.048793,-0.956131,-0.288862,1.990466,0.000000,0.000000,0.000000,1.000000,
0.000026,-0.000002,0.000002,0.000012,-0.000004,-0.000002,-0.000003,0.000002,0.000004,-0.000008,-0.000004,0.000002,-nan,-nan,-nan,0.000000,    ,0.024461,-0.935435,0.352651,0.448908,-0.376265,-0.335432,-0.863661,1.739574,0.926189,-0.111564,-0.360176,0.113734,0.000000,0.000000,0.000000,1.000000,    ,0.024462,-0.935437,0.352652,0.448902,-0.376266,-0.335433,-0.863663,1.739577,0.926193,-0.111565,-0.360178,0.113734,0.000000,0.000000,0.000000,1.000000,
0.000006,0.000002,0.000004,0.000013,-0.000006,-0.000005,0.000003,0.000000,0.000002,-0.000003,0.000004,0.000007,-nan,-nan,-nan,0.000000,    ,0.204332,0.865616,0.457118,0.127747,-0.356345,-0.369158,0.858336,1.850403,0.911738,-0.338277,0.233027,0.064106,0.000000,0.000000,0.000000,1.000000,    ,0.204331,0.865618,0.457120,0.127748,-0.356346,-0.369156,0.858339,1.850403,0.911740,-0.338278,0.233026,0.064106,0.000000,0.000000,0.000000,1.000000,
-0.000005,0.000005,0.000008,0.000003,0.000008,0.000002,-0.000006,0.000004,-0.000005,-0.000040,-0.000005,0.000001,-nan,-nan,-nan,0.000000,    ,-0.297267,0.881010,0.368041,1.248434,0.518836,0.472641,-0.712334,1.424848,-0.801525,-0.020800,-0.597600,1.885887,0.000000,0.000000,0.000000,1.000000,    ,-0.297268,0.881014,0.368044,1.248438,0.518840,0.472642,-0.712338,1.424854,-0.801529,-0.020801,-0.597603,1.885889,0.000000,0.000000,0.000000,1.000000,
0.000001,-0.000002,-0.000002,0.000000,-0.000002,0.000002,-0.000002,0.000003,0.000001,0.000003,-0.000001,0.000002,-nan,-nan,-nan,0.000000,    ,0.084582,-0.685137,-0.723486,1.435668,-0.847328,0.332593,-0.414024,0.781153,0.524290,0.648050,-0.552405,1.909306,0.000000,0.000000,0.000000,1.000000,    ,0.084582,-0.685139,-0.723488,1.435668,-0.847330,0.332594,-0.414025,0.781155,0.524291,0.648052,-0.552405,1.909309,0.000000,0.000000,0.000000,1.000000,
0.000000,-0.000001,-0.000013,0.000003,-0.000012,0.000558,-0.000001,0.000002,0.000001,0.000003,-0.000004,0.000007,-nan,-nan,-nan,0.000000,    ,0.378676,-0.924678,-0.039698,0.949470,-0.101768,0.001032,-0.994808,1.495636,0.919917,0.380750,-0.093712,0.242286,0.000000,0.000000,0.000000,1.000000,    ,0.378676,-0.924679,-0.039697,0.949467,-0.101770,0.001033,-0.994808,1.495639,0.919918,0.380751,-0.093712,0.242288,0.000000,0.000000,0.000000,1.000000,
0.000001,-0.000001,0.000011,0.000004,-0.000005,-0.000002,-0.000003,0.000001,0.000000,0.000005,-0.000002,0.000016,-nan,-nan,-nan,0.000000,    ,0.787475,-0.588493,0.183195,1.147727,-0.346666,-0.668656,-0.657816,1.273094,0.509614,0.454506,-0.730560,0.381693,0.000000,0.000000,0.000000,1.000000,    ,0.787476,-0.588493,0.183197,1.147723,-0.346668,-0.668658,-0.657818,1.273093,0.509614,0.454508,-0.730562,0.381700,0.000000,0.000000,0.000000,1.000000,
0.000002,0.000002,-0.000001,0.000002,0.000001,-0.000070,0.000002,0.000000,0.000004,-0.000004,-0.000009,0.000103,-nan,-nan,-nan,0.000000,    ,0.567673,0.794839,-0.214425,1.126708,0.360626,-0.005946,0.932691,0.913934,0.740065,-0.606791,-0.290015,0.019145,0.000000,0.000000,0.000000,1.000000,    ,0.567674,0.794840,-0.214424,1.126710,0.360627,-0.005945,0.932693,0.913934,0.740068,-0.606794,-0.290018,0.019143,0.000000,0.000000,0.000000,1.000000,
0.000006,0.000000,0.000001,0.000000,-0.000002,-0.000001,0.000001,0.000103,0.000002,-0.000005,-0.000043,0.000006,-nan,-nan,-nan,0.000000,    ,0.162061,0.342626,0.925389,1.654446,-0.288340,-0.880415,0.376470,0.009620,0.943714,-0.327837,-0.043888,0.186522,0.000000,0.000000,0.000000,1.000000,    ,0.162060,0.342626,0.925389,1.654446,-0.288339,-0.880415,0.376471,0.009619,0.943716,-0.327839,-0.043890,0.186521,0.000000,0.000000,0.000000,1.000000,
-0.000006,0.000004,-0.000005,0.000002,-0.000052,-0.000004,-0.000005,0.000011,-0.000003,-0.000004,0.000003,0.000005,-nan,-nan,-nan,0.000000,    ,-0.896646,0.249392,-0.365827,1.749195,-0.019411,-0.847614,-0.530259,0.300256,-0.442322,-0.468353,0.764851,1.307686,0.000000,0.000000,0.000000,1.000000,    ,-0.896652,0.249393,-0.365829,1.749199,-0.019412,-0.847617,-0.530261,0.300253,-0.442323,-0.468355,0.764853,1.307679,0.000000,0.000000,0.000000,1.000000,
0.000004,-0.000007,-0.000006,0.000006,0.000001,0.000002,0.000003,0.000001,0.000002,-0.000001,0.000002,0.000005,-nan,-nan,-nan,0.000000,    ,0.876941,-0.274702,-0.394351,0.150660,0.465043,0.692088,0.552041,1.371792,0.121278,-0.667497,0.734669,0.579675,0.000000,0.000000,0.000000,1.000000,    ,0.876945,-0.274704,-0.394353,0.150659,0.465043,0.692089,0.552043,1.371793,0.121279,-0.667498,0.734670,0.579672,0.000000,0.000000,0.000000,1.000000,
0.000000,0.000001,0.000009,0.000002,-0.000002,0.000003,0.000005,0.000003,0.000004,-0.000005,0.000002,0.000004,-nan,-nan,-nan,0.000000,    ,0.399094,0.915720,0.046696,0.796640,-0.912479,0.391649,0.118296,0.465562,0.090037,-0.089821,0.991880,0.483676,0.000000,0.000000,0.000000,1.000000,    ,0.399094,0.915721,0.046697,0.796642,-0.912481,0.391650,0.118296,0.465563,0.090037,-0.089820,0.991882,0.483674,0.000000,0.000000,0.000000,1.000000,
-0.000004,-0.000006,-0.000006,0.000004,-0.000001,0.000000,0.000003,0.000008,-0.000002,0.000004,-0.000008,0.000006,-nan,-nan,-nan,0.000000,    ,-0.767692,-0.636730,-0.072272,1.246715,-0.291127,0.246071,0.924497,0.392982,-0.570871,0.730769,-0.374276,1.610984,0.000000,0.000000,0.000000,1.000000,    ,-0.767695,-0.636734,-0.072273,1.246709,-0.291127,0.246071,0.924499,0.392978,-0.570872,0.730772,-0.374279,1.610993,0.000000,0.000000,0.000000,1.000000,
-0.000004,-0.000008,0.000002,0.000003,0.000001,-0.000004,-0.000000,0.000004,0.000007,0.000018,0.000004,0.000002,-nan,-nan,-nan,0.000000,    ,-0.803816,-0.324255,0.498738,1.888618,0.286717,-0.945754,-0.152781,1.853270,0.521223,0.020189,0.853181,1.983659,0.000000,0.000000,0.000000,1.000000,    ,-0.803819,-0.324257,0.498739,1.888612,0.286717,-0.945758,-0.152781,1.853262,0.521227,0.020189,0.853185,1.983656,0.000000,0.000000,0.000000,1.000000,
0.000041,-0.000041,0.000003,0.000000,0.000003,0.000001,-0.000045,0.000002,-0.000001,0.000001,0.000011,0.000002,-nan,-nan,-nan,0.000000,    ,0.036346,-0.046967,0.998235,1.126364,0.896143,0.443610,-0.011757,0.365353,-0.442275,0.894988,0.058212,0.604019,0.000000,0.000000,0.000000,1.000000,    ,0.036344,-0.046965,0.998238,1.126364,0.896145,0.443611,-0.011757,0.365353,-0.442276,0.894989,0.058213,0.604020,0.000000,0.000000,0.000000,1.000000,
-0.000001,0.000002,-0.000003,0.000003,-0.000002,-0.000004,0.000002,0.000007,-0.000001,0.000002,0.000002,0.000002,-nan,-nan,-nan,0.000000,    ,-0.746928,0.344277,-0.568833,1.279286,-0.646817,-0.574416,0.501672,0.623164,-0.154033,0.742644,0.651732,1.415133,0.000000,0.000000,0.000000,1.000000,    ,-0.746929,0.344278,-0.568835,1.279290,-0.646819,-0.574418,0.501673,0.623160,-0.154033,0.742645,0.651733,1.415135,0.000000,0.000000,0.000000,1.000000,
-0.000003,0.000002,0.000003,0.000002,0.000000,-0.000003,0.000001,0.000000,0.000002,0.000001,-0.000001,0.000001,-nan,-nan,-nan,0.000000,    ,-0.066268,0.955452,0.287610,0.632784,0.860849,-0.091001,0.500658,1.601655,0.504527,0.280766,-0.816470,1.037086,0.000000,0.000000,0.000000,1.000000,    ,-0.066268,0.955454,0.287610,0.632785,0.860849,-0.091001,0.500658,1.601655,0.504528,0.280766,-0.816471,1.037087,0.000000,0.000000,0.000000,1.000000,
-0.000001,0.000005,-0.000004,0.000004,-0.000001,0.000002,0.000002,0.000009,0.000002,0.000003,0.000009,0.000021,-nan,-nan,-nan,0.000000,    ,-0.618021,0.627939,-0.473015,1.901911,-0.405295,0.261069,0.876116,0.344772,0.673636,0.733169,0.093155,0.258921,0.000000,0.000000,0.000000,1.000000,    ,-0.618022,0.627942,-0.473017,1.901919,-0.405296,0.261068,0.876118,0.344769,0.673637,0.733171,0.093154,0.258926,0.000000,0.000000,0.000000,1.000000,
-0.000003,0.000004,-0.000003,0.000002,-0.000007,0.000002,0.000003,0.000004,0.000003,0.000003,-0.000007,0.000005,-nan,-nan,-nan,0.000000,    ,-0.947430,0.292625,-0.129413,1.716563,-0.086645,0.154713,0.984153,0.838595,0.308010,0.943628,-0.121226,1.451664,0.000000,0.000000,0.000000,1.000000,    ,-0.947432,0.292626,-0.129414,1.716567,-0.086645,0.154713,0.984156,0.838592,0.308011,0.943631,-0.121226,1.451671,0.000000,0.000000,0.000000,1.000000,
-0.000002,0.000002,0.000002,0.000000,0.000002,0.000001,0.000001,0.000000,0.000001,0.000001,-0.000002,0.000004,-nan,-nan,-nan,0.000000,    ,-0.486797,0.383504,0.784827,1.304157,0.870593,0.139573,0.471792,1.935340,0.071394,0.912932,-0.401819,0.745511,0.000000,0.000000,0.000000,1.000000,    ,-0.486798,0.383505,0.784828,1.304157,0.870594,0.139572,0.471792,1.935341,0.071394,0.912933,-0.401820,0.745514,0.000000,0.000000,0.000000,1.000000,
-0.000003,-0.000002,0.000003,0.000013,0.000010,-0.000007,-0.000005,0.000001,0.000004,-0.000004,0.000001,0.000004,-nan,-nan,-nan,0.000000,    ,-0.449128,-0.863951,0.227756,0.328322,0.360339,-0.408413,-0.838662,0.356495,0.817582,-0.294597,0.494745,0.747056,0.000000,0.000000,0.000000,1.000000,    ,-0.449130,-0.863953,0.227757,0.328318,0.360342,-0.408416,-0.838667,0.356494,0.817585,-0.294599,0.494745,0.747053,0.000000,0.000000,0.000000,1.000000,
-0.000003,0.000003,0.000004,0.000006,-0.000000,-0.000003,-0.000002,0.000004,-0.000006,-0.000006,0.000007,0.000009,-nan,-nan,-nan,0.000000,    ,-0.783060,0.248419,0.570180,0.209765,-0.619874,-0.236957,-0.748069,0.730715,-0.050726,-0.939223,0.339540,1.253286,0.000000,0.000000,0.000000,1.000000,    ,-0.783062,0.248420,0.570182,0.209763,-0.619874,-0.236956,-0.748071,0.730718,-0.050726,-0.939228,0.339542,1.253274,0.000000,0.000000,0.000000,1.000000,
0.000002,0.000001,0.000000,0.000001,-0.000002,0.000004,-0.000007,0.000001,-0.000001,-0.000008,0.000000,0.000001,-nan,-nan,-nan,0.000000,    ,0.336129,0.923986,0.182394,1.096068,-0.861439,0.379906,-0.337037,1.857304,-0.380709,-0.043833,0.923655,1.589200,0.000000,0.000000,0.000000,1.000000,    ,0.336130,0.923986,0.182393,1.096069,-0.861437,0.379905,-0.337039,1.857305,-0.380709,-0.043834,0.923656,1.589199,0.000000,0.000000,0.000000,1.000000,
