-0.000003,-0.000003,0.000003,0.000003,-0.000002,-0.000005,-0.000004,0.000001,0.000005,-0.000004,-0.000008,0.000003,-nan,-nan,-nan,0.000000,    ,-0.593107,-0.591679,0.546022,1.963357,-0.600337,-0.126898,-0.789616,1.512581,0.536488,-0.796124,-0.279942,1.668171,0.000000,0.000000,0.000000,1.000000,    ,-0.593109,-0.591681,0.546023,1.963351,-0.600338,-0.126899,-0.789618,1.512583,0.536491,-0.796127,-0.279945,1.668166,0.000000,0.000000,0.000000,1.000000,
0.000000,-0.000002,-0.000001,0.000000,0.000007,0.000002,-0.000001,0.000005,0.000005,0.000005,0.000002,0.000000,-nan,-nan,-nan,0.000000,    ,0.854849,-0.315092,-0.412249,1.932939,0.164986,0.918332,-0.359786,0.661489,0.491948,0.239547,0.837021,0.612022,0.000000,0.000000,0.000000,1.000000,    ,0.854849,-0.315092,-0.412249,1.932939,0.164987,0.918334,-0.359786,0.661493,0.491950,0.239549,0.837023,0.612022,0.000000,0.000000,0.000000,1.000000,
0.000001,0.000001,0.000003,0.000000,0.000001,0.000002,-0.000002,0.000003,-0.000002,0.000000,0.000005,0.000001,-nan,-nan,-nan,0.000000,    ,0.599175,0.534516,0.596055,0.652875,0.247518,0.584349,-0.772833,1.690743,-0.761396,0.610597,0.217825,1.490072,0.000000,0.000000,0.000000,1.000000,    ,0.599175,0.534516,0.596053,0.652876,0.247518,0.584351,-0.772834,1.690747,-0.761394,0.610597,0.217824,1.490074,0.000000,0.000000,0.000000,1.000000,
0.000002,0.000001,-0.000003,0.000001,0.000000,-0.000002,0.000003,0.000004,0.000001,-0.000001,-0.000001,0.000002,-nan,-nan,-nan,0.000000,    ,0.936040,0.271361,-0.224034,1.711323,0.342485,-0.556304,0.757119,1.867517,0.080822,-0.785423,-0.613660,0.971328,0.000000,0.000000,0.000000,1.000000,    ,0.936042,0.271362,-0.224035,1.711324,0.342486,-0.556305,0.757122,1.867510,0.080821,-0.785424,-0.613661,0.971327,0.000000,0.000000,0.000000,1.000000,
-0.000002,0.000001,0.000001,0.000001,-0.000002,-0.000003,0.000003,0.000010,0.000003,0.000005,0.000004,0.000001,-nan,-nan,-nan,0.000000,    ,-0.293364,0.652692,0.698520,1.064969,-0.227298,-0.757337,0.612190,0.533854,0.928587,0.020822,0.370531,1.546943,0.000000,0.000000,0.000000,1.000000,    ,-0.293363,0.652693,0.698521,1.064970,-0.227299,-0.757339,0.612192,0.533849,0.928589,0.020822,0.370532,1.546942,0.000000,0.000000,0.000000,1.000000,
-0.000002,-0.000001,0.000009,0.000003,-0.000082,-0.000004,-0.000003,0.000002,0.000007,-0.000002,0.000005,0.000001,-nan,-nan,-nan,0.000000,    ,-0.937400,-0.342105,0.065162,0.254389,-0.005831,-0.171663,-0.985138,1.083063,0.348207,-0.923848,0.158922,1.715394,0.000000,0.000000,0.000000,1.000000,    ,-0.937401,-0.342106,0.065161,0.254390,-0.005832,-0.171664,-0.985141,1.083066,0.348210,-0.923850,0.158921,1.715392,0.000000,0.000000,0.000000,1.000000,
0.000007,-0.000005,-0.000084,0.000005,0.000009,0.000001,-0.000006,0.000030,0.000002,0.000002,0.000002,0.000001,-nan,-nan,-nan,0.000000,    ,0.476025,-0.879282,-0.016233,1.290881,0.436776,0.252401,-0.863435,0.147593,0.763300,0.403927,0.504198,0.819592,0.000000,0.000000,0.000000,1.000000,    ,0.476028,-0.879286,-0.016234,1.290875,0.436780,0.252401,-0.863441,0.147597,0.763301,0.403928,0.504199,0.819592,0.000000,0.000000,0.000000,1.000000,
-0.000001,-0.000000,-0.000001,0.000000,0.000000,0.000001,-0.000001,0.000001,0.000002,-0.000003,0.000001,0.000002,-nan,-nan,-nan,0.000000,    ,-0.224468,-0.836370,-0.500099,0.925030,0.669562,0.240499,-0.702742,1.293897,0.708026,-0.492590,0.506018,1.182425,0.000000,0.000000,0.000000,1.000000,    ,-0.224468,-0.836370,-0.500098,0.925030,0.669562,0.240499,-0.702743,1.293898,0.708027,-0.492592,0.506018,1.182422,0.000000,0.000000,0.000000,1.000000,
-0.000013,-0.000002,0.000003,0.000004,0.000002,-0.000004,0.000015,0.000002,0.000003,0.000002,0.000004,0.000005,-nan,-nan,-nan,0.000000,    ,-0.111613,-0.235153,0.965529,0.806479,0.939186,-0.342487,0.025155,0.850596,0.324766,0.909619,0.259078,0.743237,0.000000,0.000000,0.000000,1.000000,    ,-0.111614,-0.235153,0.965531,0.806475,0.939188,-0.342488,0.025155,0.850594,0.324764,0.909621,0.259079,0.743240,0.000000,0.000000,0.000000,1.000000,
-0.000004,-0.000003,-0.000004,0.000000,0.000003,0.000004,-0.000004,0.000006,0.000003,-0.000003,-0.000064,0.000010,-nan,-nan,-nan,0.000000,    ,-0.260583,-0.487122,-0.833552,1.512085,0.376827,0.743582,-0.552347,1.355258,0.888874,-0.458037,-0.010204,0.338593,0.000000,0.000000,0.000000,1.000000,    ,-0.260584,-0.487124,-0.833555,1.512084,0.376828,0.743585,-0.552349,1.355266,0.888877,-0.458039,-0.010203,0.338589,0.000000,0.000000,0.000000,1.000000,
-0.000002,0.000001,0.000002,0.000001,-0.000003,-0.000001,0.000001,0.000001,0.000004,0.000004,0.000002,0.000003,-nan,-nan,-nan,0.000000,    ,-0.835040,0.524852,0.165042,1.046001,-0.418054,-0.800290,0.429844,1.828665,0.357687,0.289941,0.887691,0.101001,0.000000,0.000000,0.000000,1.000000,    ,-0.835042,0.524852,0.165043,1.046002,-0.418055,-0.800291,0.429845,1.828663,0.357688,0.289942,0.887693,0.101000,0.000000,0.000000,0.000000,1.000000,
-0.000002,0.000001,-0.000003,0.000000,-0.000002,-0.000004,0.000001,0.000001,0.000005,0.000004,0.000003,0.000000,-nan,-nan,-nan,0.000000,    ,-0.242676,0.945500,-0.217113,1.696182,-0.815792,-0.077788,0.573090,1.072329,0.524968,0.316194,0.790209,1.463960,0.000000,0.000000,0.000000,1.000000,    ,-0.242677,0.945501,-0.217112,1.696182,-0.815794,-0.077787,0.573091,1.072328,0.524971,0.316196,0.790211,1.463960,0.000000,0.000000,0.000000,1.000000,
-0.000004,-0.000003,-0.000003,0.000001,-0.000003,-0.000004,0.000003,0.000004,-0.000003,0.000003,-0.000004,0.000006,-nan,-nan,-nan,0.000000,    ,-0.238850,-0.666226,-0.706465,1.606183,-0.783386,-0.297702,0.545601,1.010903,-0.573810,0.683751,-0.450806,0.823751,0.000000,0.000000,0.000000,1.000000,    ,-0.238851,-0.666228,-0.706468,1.606182,-0.783388,-0.297703,0.545602,1.010899,-0.573812,0.683753,-0.450808,0.823756,0.000000,0.000000,0.000000,1.000000,
0.000002,-0.000003,-0.000002,0.000011,0.000013,0.000003,0.000011,0.000010,0.000002,-0.000004,0.000002,0.000001,-nan,-nan,-nan,0.000000,    ,0.860572,-0.120872,-0.494778,0.093966,0.177235,0.981787,0.068421,0.539145,0.477496,-0.146573,0.866322,1.336597,0.000000,0.000000,0.000000,1.000000,    ,0.860574,-0.120872,-0.494779,0.093968,0.177238,0.981790,0.068420,0.539150,0.477497,-0.146573,0.866323,1.336596,0.000000,0.000000,0.000000,1.000000,
0.000008,-0.000005,-0.000004,0.000001,0.000002,-0.000130,0.000001,0.000008,-0.000000,-0.000003,0.000002,0.000041,-nan,-nan,-nan,0.000000,    ,0.384848,-0.432143,-0.815564,0.686737,0.902602,-0.008442,0.430392,0.156190,-0.192876,-0.901765,0.386805,0.160380,0.000000,0.000000,0.000000,1.000000,    ,0.384851,-0.432145,-0.815567,0.686737,0.902604,-0.008443,0.430392,0.156188,-0.192876,-0.901768,0.386806,0.160373,0.000000,0.000000,0.000000,1.000000,
0.000001,-0.000001,-0.000001,0.000001,-0.000000,-0.000001,-0.000001,0.000001,0.000004,0.000004,-0.000002,0.000011,-nan,-nan,-nan,0.000000,    ,0.611767,-0.629078,-0.479584,1.450087,-0.788093,-0.432440,-0.438069,1.342805,0.068189,0.645954,-0.760325,0.500155,0.000000,0.000000,0.000000,1.000000,    ,0.611768,-0.629079,-0.479585,1.450086,-0.788094,-0.432440,-0.438069,1.342804,0.068189,0.645956,-0.760327,0.500160,0.000000,0.000000,0.000000,1.000000,
-0.000001,0.000001,0.000003,0.000005,-0.000002,-0.000003,0.000005,0.000006,0.000003,-0.000012,0.000002,0.000005,-nan,-nan,-nan,0.000000,    ,-0.743435,0.536138,0.399826,0.193401,-0.520676,-0.839171,0.157125,1.243391,0.419763,-0.091367,0.903023,0.995982,0.000000,0.000000,0.000000,1.000000,    ,-0.743434,0.536138,0.399825,0.193402,-0.520677,-0.839174,0.157126,1.243384,0.419765,-0.091369,0.903025,0.995977,0.000000,0.000000,0.000000,1.000000,
0.000001,0.000000,0.000001,0.000001,-0.000003,0.000003,-0.000004,0.000004,-0.000001,-0.000456,0.000001,0.000002,-nan,-nan,-nan,0.000000,    ,0.705486,0.263120,0.658071,0.598650,-0.193906,0.964761,-0.177869,1.334575,-0.681682,-0.002120,0.731646,1.870446,0.000000,0.000000,0.000000,1.000000,    ,0.705486,0.263120,0.658072,0.598649,-0.193906,0.964763,-0.177869,1.334580,-0.681682,-0.002121,0.731646,1.870443,0.000000,0.000000,0.000000,1.000000,
0.000002,0.000007,-0.000002,0.000005,-0.000001,0.000007,-0.000002,0.000003,0.000011,0.000003,0.000001,0.000011,-nan,-nan,-nan,0.000000,    ,0.644651,0.233502,-0.727944,1.163239,-0.746312,0.398569,-0.533068,1.971447,0.165663,0.886916,0.431203,0.401975,0.000000,0.000000,0.000000,1.000000,    ,0.644650,0.233503,-0.727945,1.163245,-0.746312,0.398572,-0.533069,1.971453,0.165662,0.886918,0.431203,0.401979,0.000000,0.000000,0.000000,1.000000,
-0.000002,0.000001,0.000004,0.000001,-0.000001,-0.000038,-0.000001,0.000000,-0.000003,-0.000003,0.000002,0.000000,-nan,-nan,-nan,0.000000,    ,-0.140579,0.980457,0.137629,1.043776,-0.757669,-0.017054,-0.652417,1.865935,-0.637319,-0.195993,0.745259,1.620572,0.000000,0.000000,0.000000,1.000000,    ,-0.140579,0.980458,0.137629,1.043777,-0.757669,-0.017055,-0.652417,1.865934,-0.637321,-0.195992,0.745260,1.620571,0.000000,0.000000,0.000000,1.000000,
-0.000002,-0.000001,0.000001,0.000003,-0.000005,0.000003,0.000003,0.000002,-0.000002,0.000001,-0.000001,0.000000,-nan,-nan,-nan,0.000000,    ,-0.350041,-0.766192,0.538908,0.876838,-0.230857,0.628121,0.743080,0.444323,-0.907842,0.135698,-0.396749,0.510531,0.000000,0.000000,0.000000,1.000000,    ,-0.350042,-0.766192,0.538908,0.876835,-0.230858,0.628123,0.743083,0.444323,-0.907843,0.135698,-0.396749,0.510531,0.000000,0.000000,0.000000,1.000000,
-0.000001,-0.000004,0.000004,0.000009,0.000004,0.000005,0.000004,0.000000,-0.000001,0.000003,0.000003,0.000001,-nan,-nan,-nan,0.000000,    ,-0.029196,-0.836982,0.546451,0.983467,0.989135,0.054609,0.136491,1.847129,-0.144082,0.544499,0.826294,0.355652,0.000000,0.000000,0.000000,1.000000,    ,-0.029196,-0.836985,0.546453,0.983458,0.989139,0.054610,0.136492,1.847129,-0.144082,0.544500,0.826296,0.355652,0.000000,0.000000,0.000000,1.000000,
0.000003,-0.000002,-0.000003,0.000201,-0.000002,-0.000002,-0.000001,0.000000,0.000004,0.000002,-0.000001,0.000001,-nan,-nan,-nan,0.000000,    ,0.670204,-0.473081,-0.571857,0.003318,-0.729750,-0.279640,-0.623913,0.516032,0.135247,0.835461,-0.532647,1.281972,0.000000,0.000000,0.000000,1.000000,    ,0.670206,-0.473082,-0.571859,0.003317,-0.729751,-0.279641,-0.623913,0.516032,0.135248,0.835463,-0.532648,1.281974,0.000000,0.000000,0.000000,1.000000,
0.000004,0.000001,-0.000002,0.000001,0.000001,-0.000001,0.000008,0.000000,-0.000002,-0.000002,-0.000002,0.000001,-nan,-nan,-nan,0.000000,    ,0.453405,0.491524,-0.743524,1.858837,0.779402,-0.623327,0.063219,1.782127,-0.432385,-0.608168,-0.665714,1.709970,0.000000,0.000000,0.000000,1.000000,    ,0.453406,0.491524,-0.743526,1.858839,0.779403,-0.623327,0.063219,1.782127,-0.432386,-0.608169,-0.665716,1.709969,0.000000,0.000000,0.000000,1.000000,
-0.000005,-0.000001,-0.000002,0.000000,-0.000009,0.000004,0.000008,0.000005,0.000149,0.000001,-0.000005,0.000003,-nan,-nan,-nan,0.000000,    ,-0.947762,-0.284363,-0.144515,1.025518,-0.318934,0.852297,0.414574,0.705952,0.005280,0.439008,-0.898468,1.757724,0.000000,0.000000,0.000000,1.000000,    ,-0.947767,-0.284363,-0.144515,1.025518,-0.318937,0.852300,0.414577,0.705956,0.005281,0.439008,-0.898472,1.757729,0.000000,0.000000,0.000000,1.000000,
