-0.000002,0.000004,-0.000004,0.000001,-0.000003,-0.000000,0.000001,0.000000,-0.000001,0.000001,0.000002,0.000000,-nan,-nan,-nan,0.000000,    ,-0.983698,0.082928,-0.159566,0.647409,-0.164603,-0.772551,0.613246,1.996959,-0.072418,0.629514,0.773607,1.821245,0.000000,0.000000,0.000000,1.000000,    ,-0.983700,0.082928,-0.159565,0.647409,-0.164603,-0.772551,0.613245,1.996960,-0.072418,0.629514,0.773609,1.821245,0.000000,0.000000,0.000000,1.000000,
-0.000001,-0.000117,-0.000002,0.000001,0.000003,0.000002,-0.000004,0.000004,0.000000,-0.000001,-0.000000,0.000001,-nan,-nan,-nan,0.000000,    ,-0.666840,-0.001756,-0.745199,1.304711,0.543842,0.682520,-0.488265,1.366727,0.509470,-0.730865,-0.454176,1.805902,0.000000,0.000000,0.000000,1.000000,    ,-0.666841,-0.001756,-0.745200,1.304713,0.543844,0.682521,-0.488267,1.366732,0.509470,-0.730866,-0.454176,1.805900,0.000000,0.000000,0.000000,1.000000,
0.000006,-0.000002,0.000050,0.000003,0.000007,0.000032,0.000004,0.000024,-0.000003,-0.000002,0.000002,0.000001,-nan,-nan,-nan,0.000000,    ,0.184570,-0.982517,0.024371,0.853799,0.154906,0.053569,0.986476,0.030912,-0.970535,-0.178298,0.162085,1.614557,0.000000,0.000000,0.000000,1.000000,    ,0.184571,-0.982519,0.024369,0.853796,0.154905,0.053570,0.986480,0.030911,-0.970538,-0.178299,0.162085,1.614555,0.000000,0.000000,0.000000,1.000000,
-0.000002,0.000004,0.000001,0.000002,-0.000006,0.000010,-0.000003,0.000003,-0.000005,-0.000004,0.000005,0.000020,-nan,-nan,-nan,0.000000,    ,-0.834535,0.141285,0.532532,0.656277,-0.531132,0.050638,-0.845775,1.515830,-0.146462,-0.988673,0.032782,0.412580,0.000000,0.000000,0.000000,1.000000,    ,-0.834536,0.141285,0.532533,0.656276,-0.531135,0.050639,-0.845778,1.515834,-0.146463,-0.988677,0.032782,0.412572,0.000000,0.000000,0.000000,1.000000,
-0.000002,0.000004,0.000004,0.000002,-0.000008,0.000005,-0.000005,0.000009,-0.000005,-0.000004,0.000001,0.000005,-nan,-nan,-nan,0.000000,    ,-0.417854,0.431936,0.799268,1.068545,-0.733899,0.358097,-0.577199,0.847139,-0.535528,-0.827767,0.167365,1.667847,0.000000,0.000000,0.000000,1.000000,    ,-0.417855,0.431937,0.799272,1.068542,-0.733905,0.358098,-0.577202,0.847147,-0.535531,-0.827771,0.167365,1.667839,0.000000,0.000000,0.000000,1.000000,
0.000000,-0.000003,-0.000002,0.000000,-0.000004,-0.000002,0.000001,0.000006,-0.000004,-0.000010,-0.000004,0.000003,-nan,-nan,-nan,0.000000,    ,0.766841,-0.330991,-0.549909,1.780478,-0.197217,-0.936836,0.288867,0.756850,-0.610787,-0.113063,-0.783681,0.764422,0.000000,0.000000,0.000000,1.000000,    ,0.766841,-0.330990,-0.549908,1.780478,-0.197218,-0.936838,0.288867,0.756845,-0.610789,-0.113065,-0.783685,0.764425,0.000000,0.000000,0.000000,1.000000,
-0.000002,0.000001,-0.000004,0.000003,-0.000007,-0.000002,-0.000008,0.000003,-0.000000,0.000001,0.000001,0.000001,-nan,-nan,-nan,0.000000,    ,-0.841407,0.342494,-0.418010,0.466264,-0.350258,-0.934678,-0.060792,1.055753,-0.411525,0.095260,0.906406,1.196881,0.000000,0.000000,0.000000,1.000000,    ,-0.841409,0.342493,-0.418011,0.466265,-0.350261,-0.934681,-0.060793,1.055750,-0.411525,0.095260,0.906407,1.196879,0.000000,0.000000,0.000000,1.000000,
-0.000003,0.000002,-0.000003,0.000004,-0.000003,0.000003,0.000003,0.000000,0.000002,0.000002,-0.000002,0.000016,-nan,-nan,-nan,0.000000,    ,-0.753109,0.128362,-0.645252,0.777022,-0.536254,0.448408,0.715095,1.638720,0.381128,0.884564,-0.268866,0.263193,0.000000,0.000000,0.000000,1.000000,    ,-0.753111,0.128362,-0.645254,0.777024,-0.536256,0.448410,0.715098,1.638720,0.381128,0.884566,-0.268866,0.263197,0.000000,0.000000,0.000000,1.000000,
0.000002,0.000002,-0.000001,0.000002,-0.000002,0.000002,0.000002,0.000015,0.000003,0.000031,0.000003,0.000001,-nan,-nan,-nan,0.000000,    ,0.424430,0.877101,-0.224842,1.635679,-0.812751,0.478496,0.332381,0.084438,0.399118,0.041667,0.915952,1.757590,0.000000,0.000000,0.000000,1.000000,    ,0.424431,0.877102,-0.224841,1.635681,-0.812753,0.478497,0.332382,0.084439,0.399119,0.041669,0.915955,1.757589,0.000000,0.000000,0.000000,1.000000,
-0.000004,0.000002,0.000003,0.000002,-0.000003,0.000002,-0.000002,0.000001,-0.000004,-0.000001,0.000004,0.000005,-nan,-nan,-nan,0.000000,    ,-0.059610,0.897141,0.437703,1.451165,-0.449737,0.367322,-0.814132,1.563492,-0.891170,-0.245382,0.381582,0.124960,0.000000,0.000000,0.000000,1.000000,    ,-0.059610,0.897143,0.437704,1.451168,-0.449738,0.367323,-0.814134,1.563494,-0.891173,-0.245381,0.381583,0.124959,0.000000,0.000000,0.000000,1.000000,
-0.000011,0.000013,0.000010,0.000000,-0.000002,-0.000007,0.000008,0.000006,0.000005,-0.004023,0.000005,0.000009,-nan,-nan,-nan,0.000000,    ,-0.695037,0.221151,0.684117,1.594404,-0.157681,-0.975239,0.155064,1.739516,0.701471,-0.000097,0.712698,0.470429,0.000000,0.000000,0.000000,1.000000,    ,-0.695044,0.221154,0.684124,1.594403,-0.157680,-0.975246,0.155062,1.739506,0.701474,-0.000097,0.712702,0.470425,0.000000,0.000000,0.000000,1.000000,
-0.000002,0.000037,-0.000001,0.000001,-0.000002,-0.000001,0.000001,0.000001,-0.000003,0.000007,0.000002,0.000000,-nan,-nan,-nan,0.000000,    ,-0.749320,0.007037,-0.662171,1.255346,-0.116152,-0.985838,0.120962,0.883009,-0.651942,0.167551,0.739525,0.832827,0.000000,0.000000,0.000000,1.000000,    ,-0.749321,0.007037,-0.662172,1.255347,-0.116152,-0.985839,0.120962,0.883008,-0.651945,0.167553,0.739527,0.832827,0.000000,0.000000,0.000000,1.000000,
-0.000003,-0.000002,-0.000008,0.000001,0.000002,-0.000000,0.000004,0.000004,-0.000003,0.000001,0.000001,0.000014,-nan,-nan,-nan,0.000000,    ,-0.676109,-0.733997,-0.064223,1.730148,0.645532,-0.632124,0.428611,0.500673,-0.355196,0.248330,0.901204,0.090732,0.000000,0.000000,0.000000,1.000000,    ,-0.676111,-0.733998,-0.064223,1.730147,0.645534,-0.632124,0.428613,0.500671,-0.355195,0.248330,0.901204,0.090731,0.000000,0.000000,0.000000,1.000000,
0.000001,-0.000003,-0.000001,0.000001,-0.000003,-0.000002,0.000008,0.000005,-0.000003,0.000001,-0.000004,0.000002,-nan,-nan,-nan,0.000000,    ,0.510626,-0.153684,-0.845956,1.257523,-0.240700,-0.970106,0.030950,0.855154,-0.825424,0.187818,-0.532354,1.669219,0.000000,0.000000,0.000000,1.000000,    ,0.510626,-0.153684,-0.845957,1.257525,-0.240701,-0.970108,0.030950,0.855150,-0.825426,0.187818,-0.532356,1.669222,0.000000,0.000000,0.000000,1.000000,
0.000004,-0.000005,-0.000007,0.000001,-0.000016,-0.000001,0.000004,0.000006,-0.000001,-0.000001,-0.000001,0.000000,-nan,-nan,-nan,0.000000,    ,0.723787,-0.577229,-0.378073,1.910907,-0.053401,-0.593128,0.803336,0.866100,-0.687954,-0.561255,-0.460123,1.970678,0.000000,0.000000,0.000000,1.000000,    ,0.723790,-0.577231,-0.378076,1.910905,-0.053401,-0.593128,0.803339,0.866095,-0.687954,-0.561255,-0.460123,1.970678,0.000000,0.000000,0.000000,1.000000,
-0.000001,0.000002,0.000001,0.000006,0.000002,0.000002,0.000001,0.000003,0.000001,0.000005,-0.000004,0.000070,-nan,-nan,-nan,0.000000,    ,-0.312072,0.808649,0.498697,0.504820,0.948749,0.237702,0.208262,0.233872,0.049870,0.538131,-0.841385,0.112359,0.000000,0.000000,0.000000,1.000000,    ,-0.312071,0.808650,0.498697,0.504823,0.948751,0.237703,0.208263,0.233872,0.049870,0.538134,-0.841388,0.112366,0.000000,0.000000,0.000000,1.000000,
-0.000000,-0.000070,0.000001,0.000018,-0.000009,-0.000005,-0.000010,0.000006,0.000002,-0.000014,0.000005,0.000009,-nan,-nan,-nan,0.000000,    ,-0.859502,-0.036833,0.509804,0.318310,-0.041857,-0.988978,-0.142021,1.869949,0.509416,-0.143406,0.848487,1.080889,0.000000,0.000000,0.000000,1.000000,    ,-0.859502,-0.036835,0.509805,0.318304,-0.041857,-0.988984,-0.142020,1.869937,0.509417,-0.143408,0.848491,1.080878,0.000000,0.000000,0.000000,1.000000,
0.000001,-0.000283,0.000001,0.000001,0.000003,-0.000007,-0.000003,0.000001,0.000005,0.000002,-0.000001,0.000047,-nan,-nan,-nan,0.000000,    ,0.769475,-0.000775,0.638677,1.433440,0.630329,-0.160235,-0.759612,1.205848,0.102927,0.987079,-0.122808,0.074438,0.000000,0.000000,0.000000,1.000000,    ,0.769476,-0.000775,0.638677,1.433438,0.630331,-0.160236,-0.759614,1.205849,0.102927,0.987080,-0.122808,0.074442,0.000000,0.000000,0.000000,1.000000,
0.000016,-0.000003,-0.000003,0.000001,0.000008,0.000000,-0.000001,0.000004,0.000002,0.000105,0.000012,0.000000,-nan,-nan,-nan,0.000000,    ,0.027844,-0.678867,-0.733734,0.945365,0.022535,0.734258,-0.678496,0.544867,0.999358,0.002357,0.035743,1.278525,0.000000,0.000000,0.000000,1.000000,    ,0.027844,-0.678868,-0.733736,0.945364,0.022535,0.734258,-0.678497,0.544870,0.999361,0.002358,0.035744,1.278525,0.000000,0.000000,0.000000,1.000000,
-0.000000,0.000001,-0.000006,0.000001,-0.000006,-0.000000,-0.000000,0.000000,-0.000001,-0.000003,0.000001,0.000007,-nan,-nan,-nan,0.000000,    ,-0.799289,0.545895,-0.251269,1.427877,-0.270418,-0.700117,-0.660841,0.111351,-0.536667,-0.460255,0.707215,0.524602,0.000000,0.000000,0.000000,1.000000,    ,-0.799289,0.545895,-0.251270,1.427878,-0.270419,-0.700117,-0.660840,0.111351,-0.536666,-0.460256,0.707216,0.524598,0.000000,0.000000,0.000000,1.000000,
0.000001,0.000028,0.000001,0.000001,-0.000001,-0.000002,0.000002,0.000006,0.000002,-0.000000,-0.000013,0.000002,-nan,-nan,-nan,0.000000,    ,0.158025,0.047685,0.986283,0.612025,-0.710368,-0.688288,0.147095,0.615334,0.685861,-0.723869,-0.074893,0.668652,0.000000,0.000000,0.000000,1.000000,    ,0.158025,0.047687,0.986284,0.612025,-0.710369,-0.688286,0.147095,0.615338,0.685862,-0.723869,-0.074894,0.668653,0.000000,0.000000,0.000000,1.000000,
0.000005,-0.000007,0.000009,0.000002,0.000002,0.000002,0.000002,0.000009,-0.000008,-0.000001,0.000004,0.000002,-nan,-nan,-nan,0.000000,    ,0.869548,-0.454117,0.194072,1.470488,0.409980,0.882887,0.228971,0.337871,-0.275323,-0.119536,0.953891,1.593335,0.000000,0.000000,0.000000,1.000000,    ,0.869552,-0.454120,0.194070,1.470485,0.409979,0.882888,0.228972,0.337874,-0.275326,-0.119536,0.953895,1.593332,0.000000,0.000000,0.000000,1.000000,
0.000001,0.000003,0.000004,0.000004,0.000002,-0.000003,-0.000003,0.000000,-0.000002,0.000004,-0.000003,0.000073,-nan,-nan,-nan,0.000000,    ,0.381395,0.921702,0.070740,1.203971,0.773984,-0.276553,-0.569620,1.564014,-0.505456,0.272002,-0.818858,0.069323,0.000000,0.000000,0.000000,1.000000,    ,0.381395,0.921704,0.070739,1.203975,0.773986,-0.276554,-0.569621,1.564014,-0.505457,0.272003,-0.818861,0.069328,0.000000,0.000000,0.000000,1.000000,
0.000003,-0.000002,0.000002,0.000002,0.000004,-0.000003,-0.000003,0.000004,0.000003,0.000001,-0.000004,0.000002,-nan,-nan,-nan,0.000000,    ,0.708790,-0.589520,0.387404,1.797885,0.164206,-0.396213,-0.903356,0.181682,0.686041,0.703904,-0.184029,1.849289,0.000000,0.000000,0.000000,1.000000,    ,0.708793,-0.589521,0.387405,1.797881,0.164207,-0.396214,-0.903358,0.181683,0.686043,0.703905,-0.184030,1.849292,0.000000,0.000000,0.000000,1.000000,
-0.000001,0.000001,-0.000004,0.000025,-0.000001,-0.000003,0.000001,0.000002,0.000002,0.000000,0.000001,0.000000,-nan,-nan,-nan,0.000000,    ,-0.883805,0.450420,-0.126535,0.051631,-0.280963,-0.294717,0.913346,0.930177,0.374097,0.842772,0.387023,1.885670,0.000000,0.000000,0.000000,1.000000,    ,-0.883806,0.450420,-0.126535,0.051632,-0.280963,-0.294718,0.913347,0.930175,0.374098,0.842772,0.387023,1.885671,0.000000,0.000000,0.000000,1.000000,
