0.000006,-0.000001,0.000000,0.000020,-0.000001,-0.000004,-0.000002,0.000000,0.000003,-0.000015,-0.000005,0.000000,-nan,-nan,-nan,0.000000,    ,0.024822,-0.962299,0.270860,0.090178,-0.460544,-0.251487,-0.851266,1.694037,0.887290,-0.103613,-0.449423,1.425236,0.000000,0.000000,0.000000,1.000000,    ,0.024822,-0.962300,0.270860,0.090176,-0.460544,-0.251488,-0.851267,1.694036,0.887293,-0.103615,-0.449426,1.425236,0.000000,0.000000,0.000000,1.000000,
0.000000,0.000001,-0.000001,0.000002,0.000003,-0.000000,-0.000001,0.000006,-0.000002,0.000003,-0.000001,0.000000,-nan,-nan,-nan,0.000000,    ,0.263985,0.718920,-0.643013,0.823119,0.266417,-0.695075,-0.667752,0.064612,-0.927003,0.004967,-0.375022,0.420221,0.000000,0.000000,0.000000,1.000000,    ,0.263985,0.718920,-0.643012,0.823118,0.266417,-0.695074,-0.667752,0.064612,-0.927004,0.004967,-0.375021,0.420221,0.000000,0.000000,0.000000,1.000000,
-0.000001,0.000040,-0.000001,0.000003,0.000001,0.000005,-0.000006,0.000000,0.000008,-0.000001,-0.000000,0.000001,-nan,-nan,-nan,0.000000,    ,-0.454648,0.023650,-0.890357,0.717324,0.853762,0.296362,-0.428089,1.915431,0.253744,-0.954783,-0.154932,1.209387,0.000000,0.000000,0.000000,1.000000,    ,-0.454647,0.023651,-0.890358,0.717326,0.853763,0.296361,-0.428091,1.915431,0.253746,-0.954784,-0.154932,1.209385,0.000000,0.000000,0.000000,1.000000,
-0.000003,0.000004,-0.000017,0.000002,-0.000001,-0.000004,0.000001,0.000004,0.000001,0.000002,0.000002,0.000010,-nan,-nan,-nan,0.000000,    ,-0.963324,0.264405,-0.045780,0.467780,-0.141977,-0.357448,0.923078,0.549013,0.227703,0.895724,0.381878,0.289388,0.000000,0.000000,0.000000,1.000000,    ,-0.963327,0.264406,-0.045779,0.467781,-0.141977,-0.357450,0.923079,0.549011,0.227703,0.895725,0.381879,0.289391,0.000000,0.000000,0.000000,1.000000,
-0.000002,0.000007,0.000005,0.000011,0.000006,-0.000005,0.000002,0.000013,0.000005,0.000008,0.000011,0.000001,-nan,-nan,-nan,0.000000,    ,-0.182540,0.078750,0.980040,0.386182,0.231864,-0.965225,0.120746,0.694702,0.955467,0.249277,0.157933,1.279181,0.000000,0.000000,0.000000,1.000000,    ,-0.182540,0.078750,0.980044,0.386178,0.231866,-0.965230,0.120746,0.694694,0.955472,0.249279,0.157934,1.279182,0.000000,0.000000,0.000000,1.000000,
-0.000000,-0.000000,-0.000001,0.000004,-0.000000,0.000004,-0.000009,0.000025,0.000007,-0.000002,-0.000005,0.000003,-nan,-nan,-nan,0.000000,    ,-0.881940,-0.366569,-0.296325,0.308947,-0.239145,0.889715,-0.388865,0.456197,0.406190,-0.272091,-0.872339,1.270557,0.000000,0.000000,0.000000,1.000000,    ,-0.881940,-0.366569,-0.296324,0.308945,-0.239145,0.889719,-0.388868,0.456209,0.406193,-0.272092,-0.872344,1.270560,0.000000,0.000000,0.000000,1.000000,
-0.000001,0.000008,0.000003,0.000002,-0.000005,-0.000003,-0.000005,0.000005,0.000004,-0.000003,0.000005,0.000002,-nan,-nan,-nan,0.000000,    ,-0.352801,0.018810,0.935509,1.992975,-0.338255,-0.934748,-0.108769,0.931904,0.872419,-0.354814,0.336143,1.783314,0.000000,0.000000,0.000000,1.000000,    ,-0.352802,0.018810,0.935512,1.992972,-0.338257,-0.934750,-0.108769,0.931899,0.872422,-0.354815,0.336145,1.783310,0.000000,0.000000,0.000000,1.000000,
0.000005,-0.000000,-0.000000,0.000001,0.000001,0.000002,-0.000001,0.000000,0.000001,-0.000000,0.000001,0.000004,-nan,-nan,-nan,0.000000,    ,0.195626,-0.764087,-0.614737,0.173710,0.778723,0.502051,-0.376213,1.771610,0.596088,-0.405112,0.693226,0.220448,0.000000,0.000000,0.000000,1.000000,    ,0.195625,-0.764087,-0.614737,0.173710,0.778723,0.502051,-0.376212,1.771610,0.596089,-0.405113,0.693227,0.220447,0.000000,0.000000,0.000000,1.000000,
-0.000002,0.000002,0.000002,0.000001,-0.000001,0.000001,-0.000003,0.000003,-0.000002,-0.000002,-0.000003,0.000000,-nan,-nan,-nan,0.000000,    ,-0.736112,0.075470,0.672639,1.465647,-0.332856,0.824936,-0.456824,1.645684,-0.589361,-0.560166,-0.582124,1.527873,0.000000,0.000000,0.000000,1.000000,    ,-0.736114,0.075470,0.672641,1.465645,-0.332857,0.824937,-0.456825,1.645688,-0.589362,-0.560167,-0.582126,1.527872,0.000000,0.000000,0.000000,1.000000,
-0.000009,-0.000002,0.000011,0.000003,0.000024,-0.000007,-0.000017,0.000005,0.000007,-0.000058,0.000005,0.000009,-nan,-nan,-nan,0.000000,    ,-0.711234,-0.272713,0.647900,1.710296,0.187124,-0.961874,-0.199455,1.948094,0.677592,-0.020622,0.735149,0.834118,0.000000,0.000000,0.000000,1.000000,    ,-0.711241,-0.272712,0.647907,1.710290,0.187128,-0.961881,-0.199458,1.948084,0.677596,-0.020623,0.735153,0.834111,0.000000,0.000000,0.000000,1.000000,
-0.000002,0.000002,0.000003,0.000001,0.000003,0.000003,0.000005,0.000063,-0.000007,0.000003,-0.000001,0.000007,-nan,-nan,-nan,0.000000,    ,-0.572380,0.718158,0.395765,1.863525,0.815301,0.549963,0.181174,0.043505,-0.087545,0.426368,-0.900303,0.464295,0.000000,0.000000,0.000000,1.000000,    ,-0.572381,0.718159,0.395766,1.863527,0.815304,0.549965,0.181175,0.043508,-0.087546,0.426369,-0.900304,0.464298,0.000000,0.000000,0.000000,1.000000,
-0.000003,0.000004,0.000003,0.000001,-0.000003,-0.000004,-0.000003,0.000001,0.000002,-0.000002,0.000001,0.000004,-nan,-nan,-nan,0.000000,    ,-0.668695,0.241066,0.703374,0.592518,-0.731139,-0.385217,-0.563066,0.753683,0.135216,-0.890783,0.433846,1.148766,0.000000,0.000000,0.000000,1.000000,    ,-0.668697,0.241067,0.703376,0.592518,-0.731141,-0.385219,-0.563067,0.753682,0.135216,-0.890785,0.433846,1.148761,0.000000,0.000000,0.000000,1.000000,
-0.000027,-0.000003,-0.000004,0.000001,0.000005,-0.000027,0.001298,0.000000,-0.000014,-0.000002,0.000003,0.000004,-nan,-nan,-nan,0.000000,    ,-0.021300,-0.869445,-0.493570,1.448386,0.999687,-0.025010,0.000914,0.427946,-0.013138,-0.493396,0.869705,1.096759,0.000000,0.000000,0.000000,1.000000,    ,-0.021301,-0.869447,-0.493572,1.448384,0.999692,-0.025010,0.000912,0.427946,-0.013138,-0.493397,0.869708,1.096755,0.000000,0.000000,0.000000,1.000000,
0.000004,0.000006,0.000004,0.000000,0.000005,0.000000,-0.000001,0.000003,-0.000002,0.000002,0.000002,0.000001,-nan,-nan,-nan,0.000000,    ,0.757332,0.307526,0.576086,0.884144,0.166062,0.762483,-0.625335,0.367316,-0.631562,0.569252,0.526385,0.404531,0.000000,0.000000,0.000000,1.000000,    ,0.757336,0.307527,0.576089,0.884144,0.166062,0.762483,-0.625335,0.367317,-0.631563,0.569253,0.526386,0.404532,0.000000,0.000000,0.000000,1.000000,
-0.000009,0.000003,-0.000003,0.000004,-0.000000,-0.000004,-0.000006,0.000002,-0.000003,0.000005,0.000002,0.000000,-nan,-nan,-nan,0.000000,    ,-0.122881,0.750292,-0.649586,1.299220,-0.201635,-0.659770,-0.723911,0.187845,-0.971722,0.042024,0.232359,0.072745,0.000000,0.000000,0.000000,1.000000,    ,-0.122883,0.750294,-0.649588,1.299225,-0.201635,-0.659773,-0.723915,0.187844,-0.971725,0.042025,0.232359,0.072745,0.000000,0.000000,0.000000,1.000000,
0.000003,0.000003,0.000005,0.000002,-0.000001,0.000002,-0.000021,0.000015,-0.000007,-0.000010,0.000002,0.000004,-nan,-nan,-nan,0.000000,    ,0.472930,0.858868,0.196678,1.959455,-0.872492,0.487619,-0.031387,0.293193,-0.122862,-0.156756,0.979966,1.736818,0.000000,0.000000,0.000000,1.000000,    ,0.472931,0.858871,0.196677,1.959459,-0.872493,0.487621,-0.031388,0.293197,-0.122863,-0.156758,0.979968,1.736811,0.000000,0.000000,0.000000,1.000000,
0.000002,0.000001,0.000001,0.000000,-0.000001,-0.000001,0.000000,0.000000,0.000001,-0.000001,0.000013,0.000000,-nan,-nan,-nan,0.000000,    ,0.425101,0.607855,0.670672,1.938877,-0.492389,-0.466432,0.734843,1.264691,0.759501,-0.642614,0.101020,1.713867,0.000000,0.000000,0.000000,1.000000,    ,0.425102,0.607855,0.670673,1.938877,-0.492390,-0.466433,0.734843,1.264690,0.759502,-0.642615,0.101019,1.713868,0.000000,0.000000,0.000000,1.000000,
0.000002,0.000002,0.000003,0.000001,0.000001,-0.000000,0.000005,0.000001,0.000001,0.000023,-0.000000,0.000016,-nan,-nan,-nan,0.000000,    ,0.649173,0.640399,0.410444,1.212785,0.563283,-0.767363,0.306377,0.547985,0.511163,0.032305,-0.858876,0.076792,0.000000,0.000000,0.000000,1.000000,    ,0.649174,0.640400,0.410445,1.212785,0.563282,-0.767363,0.306378,0.547986,0.511163,0.032306,-0.858877,0.076793,0.000000,0.000000,0.000000,1.000000,
0.000014,0.000002,-0.000004,0.000009,0.000004,-0.008121,0.000007,0.000003,0.000003,-0.000002,-0.000002,0.000001,-nan,-nan,-nan,0.000000,    ,0.076310,0.951831,-0.296974,0.591490,0.968607,-0.000091,0.248599,0.541087,0.236597,-0.306622,-0.921957,1.407615,0.000000,0.000000,0.000000,1.000000,    ,0.076311,0.951834,-0.296975,0.591496,0.968610,-0.000091,0.248601,0.541086,0.236596,-0.306622,-0.921959,1.407616,0.000000,0.000000,0.000000,1.000000,
0.000001,0.000003,-0.000004,0.000006,-0.000004,0.000003,0.000002,0.000002,0.000001,0.000001,0.000001,0.000007,-nan,-nan,-nan,0.000000,    ,0.184008,0.775988,-0.603311,1.294770,-0.460548,0.610312,0.644527,0.556381,0.868353,0.159255,0.469682,0.162708,0.000000,0.000000,0.000000,1.000000,    ,0.184009,0.775990,-0.603313,1.294778,-0.460550,0.610314,0.644528,0.556382,0.868353,0.159255,0.469683,0.162707,0.000000,0.000000,0.000000,1.000000,
-0.000003,-0.000004,-0.000011,0.000007,0.000003,-0.000004,-0.000004,0.000001,0.000013,-0.000015,0.000004,0.000011,-nan,-nan,-nan,0.000000,    ,-0.256844,-0.964932,-0.054206,0.984327,0.966003,-0.254609,-0.044863,1.259468,0.029489,-0.063886,0.997521,0.500489,0.000000,0.000000,0.000000,1.000000,    ,-0.256844,-0.964935,-0.054205,0.984320,0.966006,-0.254610,-0.044863,1.259467,0.029488,-0.063886,0.997525,0.500483,0.000000,0.000000,0.000000,1.000000,
0.000001,0.000002,-0.000001,0.000000,-0.000006,-0.000004,-0.000001,0.000001,-0.000001,0.000000,-0.000003,0.000001,-nan,-nan,-nan,0.000000,    ,0.868471,0.430097,-0.246526,1.626784,-0.143806,-0.257337,-0.955561,0.905020,-0.474424,0.865329,-0.161639,0.745590,0.000000,0.000000,0.000000,1.000000,    ,0.868472,0.430097,-0.246526,1.626784,-0.143807,-0.257338,-0.955563,0.905021,-0.474424,0.865330,-0.161639,0.745590,0.000000,0.000000,0.000000,1.000000,
-0.000022,-0.000003,-0.000007,0.000002,-0.000002,-0.000000,0.000004,0.000004,-0.000006,0.000005,-0.000012,0.000004,-nan,-nan,-nan,0.000000,    ,-0.073996,-0.953308,-0.292793,1.092865,-0.098824,-0.285143,0.953377,0.818334,-0.992350,0.099481,-0.073110,0.398934,0.000000,0.000000,0.000000,1.000000,    ,-0.073998,-0.953311,-0.292795,1.092862,-0.098824,-0.285143,0.953380,0.818331,-0.992355,0.099481,-0.073111,0.398935,0.000000,0.000000,0.000000,1.000000,
0.000021,0.000001,0.000001,0.000001,-0.000001,0.000003,-0.000003,0.000008,-0.000002,-0.000002,0.000003,0.000006,-nan,-nan,-nan,0.000000,    ,0.052319,0.611325,0.789649,1.111527,-0.912427,0.350647,-0.211007,0.135752,-0.405881,-0.709457,0.576135,0.477421,0.000000,0.000000,0.000000,1.000000,    ,0.052318,0.611324,0.789647,1.111528,-0.912426,0.350648,-0.211006,0.135753,-0.405882,-0.709458,0.576136,0.477418,0.000000,0.000000,0.000000,1.000000,
0.000018,-0.000000,-0.000001,0.000001,-0.000003,-0.000002,0.000002,0.000013,-0.000002,0.000000,-0.000002,0.000000,-nan,-nan,-nan,0.000000,    ,0.050404,-0.726165,-0.685670,1.400442,-0.223873,-0.677287,0.700830,0.191288,-0.973314,0.118178,-0.196707,0.699577,0.000000,0.000000,0.000000,1.000000,    ,0.050403,-0.726165,-0.685671,1.400443,-0.223872,-0.677286,0.700829,0.191290,-0.973316,0.118178,-0.196707,0.699577,0.000000,0.000000,0.000000,1.000000,
