0.000000,0.000001,-0.000000,0.000001,0.000001,0.000000,0.000001,0.000000,0.000000,-0.000000,-0.000003,0.000001,-nan,-nan,-nan,0.000000,    ,0.066378,0.505775,-0.860108,0.869146,0.537484,0.708131,0.457887,1.080264,0.840657,-0.492688,-0.224842,0.450536,0.000000,0.000000,0.000000,1.000000,    ,0.066377,0.505775,-0.860108,0.869145,0.537484,0.708132,0.457887,1.080263,0.840657,-0.492688,-0.224843,0.450537,0.000000,0.000000,0.000000,1.000000,
-0.000001,-0.000002,0.000000,0.000003,0.000003,0.000000,0.000001,0.000001,-0.000002,0.000002,0.000003,0.000002,-nan,-nan,-nan,0.000000,    ,-0.591551,-0.551165,0.588459,0.590674,0.510160,0.309301,0.802539,0.896956,-0.624342,0.774952,0.098215,1.406752,0.000000,0.000000,0.000000,1.000000,    ,-0.591551,-0.551166,0.588459,0.590672,0.510162,0.309301,0.802540,0.896955,-0.624344,0.774954,0.098215,1.406755,0.000000,0.000000,0.000000,1.000000,
0.000004,0.000002,-0.000004,0.000001,0.000017,-0.000003,-0.000010,0.000021,-0.000004,0.000003,-0.000003,0.000004,-nan,-nan,-nan,0.000000,    ,0.707591,0.188291,-0.681074,1.102560,0.093376,-0.980308,-0.174006,0.174793,-0.700426,0.059529,-0.711238,0.570529,0.000000,0.000000,0.000000,1.000000,    ,0.707593,0.188290,-0.681077,1.102562,0.093377,-0.980310,-0.174008,0.174790,-0.700428,0.059529,-0.711240,0.570531,0.000000,0.000000,0.000000,1.000000,
-0.000006,0.000005,0.000005,0.000000,-0.000002,-0.000002,0.000000,0.000002,0.000007,-0.000004,0.000003,0.000003,-nan,-nan,-nan,0.000000,    ,-0.278777,0.395216,0.875264,1.426128,-0.682973,-0.722321,0.108626,1.191432,0.675153,-0.567500,0.471288,1.420843,0.000000,0.000000,0.000000,1.000000,    ,-0.278778,0.395218,0.875269,1.426128,-0.682975,-0.722322,0.108626,1.191431,0.675157,-0.567502,0.471290,1.420839,0.000000,0.000000,0.000000,1.000000,
0.000003,0.000004,0.000001,0.000005,0.000003,-0.000004,-0.000003,0.000003,-0.000002,0.000005,-0.000003,0.000010,-nan,-nan,-nan,0.000000,    ,0.646780,0.742658,0.173592,0.759344,0.702155,-0.490969,-0.515681,0.599216,-0.297747,0.455421,-0.839011,0.647218,0.000000,0.000000,0.000000,1.000000,    ,0.646782,0.742661,0.173592,0.759348,0.702157,-0.490971,-0.515683,0.599215,-0.297747,0.455423,-0.839013,0.647225,0.000000,0.000000,0.000000,1.000000,
0.000002,0.000000,0.000001,0.000000,0.000001,-0.000000,0.000001,0.000002,0.000001,-0.000005,-0.000002,0.000001,-nan,-nan,-nan,0.000000,    ,0.458302,0.799406,0.388471,1.546746,0.355539,-0.565474,0.744198,0.624267,0.814586,-0.202951,-0.543378,0.306026,0.000000,0.000000,0.000000,1.000000,    ,0.458301,0.799406,0.388471,1.546746,0.355539,-0.565474,0.744197,0.624268,0.814588,-0.202952,-0.543380,0.306025,0.000000,0.000000,0.000000,1.000000,
-0.000004,-0.000006,0.000009,0.000026,0.000002,0.000007,0.000004,0.000008,-0.000007,0.000007,0.000007,0.000001,-nan,-nan,-nan,0.000000,    ,-0.301774,-0.865220,0.400407,0.589826,0.631745,0.133070,0.763669,0.551530,-0.714025,0.483411,0.506441,1.485302,0.000000,0.000000,0.000000,1.000000,    ,-0.301775,-0.865226,0.400411,0.589811,0.631746,0.133069,0.763672,0.551526,-0.714030,0.483414,0.506445,1.485304,0.000000,0.000000,0.000000,1.000000,
-0.000019,0.000002,0.000002,0.000000,0.000002,0.000003,-0.000003,0.000010,-0.000002,0.000005,-0.000000,0.000129,-nan,-nan,-nan,0.000000,    ,-0.044456,0.629782,0.775499,1.674232,0.421691,0.715550,-0.556924,0.664173,-0.905649,0.302263,-0.297384,0.021922,0.000000,0.000000,0.000000,1.000000,    ,-0.044456,0.629784,0.775500,1.674233,0.421692,0.715552,-0.556926,0.664180,-0.905650,0.302264,-0.297384,0.021925,0.000000,0.000000,0.000000,1.000000,
-0.000002,0.000000,0.000018,0.000001,-0.000000,-0.000002,0.000002,0.000002,0.000002,0.000001,0.000001,0.000001,-nan,-nan,-nan,0.000000,    ,-0.456622,0.887577,0.060853,1.744437,-0.822072,-0.447095,0.352567,0.472458,0.340138,0.110965,0.933806,0.951826,0.000000,0.000000,0.000000,1.000000,    ,-0.456621,0.887577,0.060852,1.744438,-0.822072,-0.447095,0.352567,0.472457,0.340138,0.110965,0.933807,0.951825,0.000000,0.000000,0.000000,1.000000,
-0.000001,-0.000000,0.000000,0.000001,0.000001,-0.000000,0.000001,0.000004,-0.000011,0.000004,0.000004,0.000022,-nan,-nan,-nan,0.000000,    ,-0.664890,-0.634809,0.393624,1.369414,0.714234,-0.386096,0.583781,0.358579,-0.218612,0.669289,0.710113,0.042701,0.000000,0.000000,0.000000,1.000000,    ,-0.664891,-0.634809,0.393624,1.369415,0.714234,-0.386096,0.583780,0.358581,-0.218615,0.669292,0.710116,0.042702,0.000000,0.000000,0.000000,1.000000,
-0.000002,0.000001,-0.000004,0.000008,-0.000027,0.000001,0.000002,0.000003,0.000000,0.000007,-0.000001,0.000002,-nan,-nan,-nan,0.000000,    ,-0.528026,0.280691,-0.801499,0.533372,-0.054222,0.930728,0.361670,0.613230,0.847496,0.234430,-0.476229,1.193198,0.000000,0.000000,0.000000,1.000000,    ,-0.528027,0.280691,-0.801503,0.533376,-0.054221,0.930729,0.361669,0.613232,0.847496,0.234432,-0.476228,1.193200,0.000000,0.000000,0.000000,1.000000,
0.000001,0.000013,0.000002,0.000000,-0.000000,-0.000001,0.000000,0.000002,0.000004,-0.000002,-0.000002,0.000000,-nan,-nan,-nan,0.000000,    ,0.959500,0.041869,0.278579,1.804662,-0.119355,-0.835329,0.536637,0.614041,0.255174,-0.548154,-0.796501,1.606281,0.000000,0.000000,0.000000,1.000000,    ,0.959501,0.041869,0.278579,1.804661,-0.119355,-0.835328,0.536637,0.614042,0.255175,-0.548155,-0.796502,1.606281,0.000000,0.000000,0.000000,1.000000,
-0.000004,0.000001,0.000004,0.000004,0.000002,0.000001,0.000002,0.000006,-0.000008,0.000005,-0.000011,0.000496,-nan,-nan,-nan,0.000000,    ,-0.435994,0.162536,0.885150,1.213257,0.895758,0.173193,0.409416,0.253499,-0.086757,0.971384,-0.221104,0.022308,0.000000,0.000000,0.000000,1.000000,    ,-0.435996,0.162536,0.885154,1.213253,0.895760,0.173193,0.409417,0.253497,-0.086757,0.971388,-0.221106,0.022319,0.000000,0.000000,0.000000,1.000000,
-0.000002,-0.000004,-0.000004,0.000001,-0.000005,-0.000049,0.000010,0.000007,-0.000003,0.000005,-0.000004,0.000006,-nan,-nan,-nan,0.000000,    ,-0.239996,-0.465089,-0.852111,0.877765,-0.960070,-0.016277,0.279287,0.328334,-0.143763,0.885114,-0.442612,1.458230,0.000000,0.000000,0.000000,1.000000,    ,-0.239996,-0.465091,-0.852114,0.877766,-0.960074,-0.016276,0.279290,0.328331,-0.143763,0.885118,-0.442613,1.458238,0.000000,0.000000,0.000000,1.000000,
0.000003,0.000002,0.000003,0.000003,0.000003,0.000005,-0.000005,0.000008,-0.000004,0.000005,0.000032,0.000015,-nan,-nan,-nan,0.000000,    ,0.467591,0.344838,0.813908,0.879864,0.650090,0.489747,-0.580974,0.943532,-0.598951,0.800771,0.004826,0.423135,0.000000,0.000000,0.000000,1.000000,    ,0.467592,0.344839,0.813910,0.879862,0.650092,0.489749,-0.580977,0.943540,-0.598953,0.800775,0.004826,0.423142,0.000000,0.000000,0.000000,1.000000,
-0.000003,0.000002,-0.000006,0.000002,-0.000017,-0.000003,-0.000002,0.000000,-0.000001,-0.000000,0.000001,0.000000,-nan,-nan,-nan,0.000000,    ,-0.445904,0.840601,-0.307504,1.607705,-0.081613,-0.380301,-0.921255,0.445057,-0.891352,-0.385695,0.238182,1.097474,0.000000,0.000000,0.000000,1.000000,    ,-0.445905,0.840603,-0.307503,1.607708,-0.081612,-0.380302,-0.921257,0.445057,-0.891353,-0.385695,0.238182,1.097474,0.000000,0.000000,0.000000,1.000000,
0.000004,0.000006,-0.000003,0.000003,-0.000005,0.000003,-0.000006,0.000072,0.000002,0.000002,0.000003,0.000001,-nan,-nan,-nan,0.000000,    ,0.352142,0.133342,-0.926400,0.917515,-0.651070,0.745973,-0.140112,0.049301,0.672386,0.652491,0.349503,1.687252,0.000000,0.000000,0.000000,1.000000,    ,0.352143,0.133341,-0.926403,0.917518,-0.651074,0.745975,-0.140111,0.049304,0.672388,0.652492,0.349504,1.687253,0.000000,0.000000,0.000000,1.000000,
-0.000002,-0.000007,-0.000003,0.000001,-0.000002,-0.000002,0.000001,0.000001,-0.000002,0.000001,0.000001,0.000002,-nan,-nan,-nan,0.000000,    ,-0.713071,-0.165188,-0.681354,0.407880,-0.551918,-0.467042,0.690839,1.729953,-0.432339,0.868668,0.241864,0.758903,0.000000,0.000000,0.000000,1.000000,    ,-0.713072,-0.165189,-0.681356,0.407880,-0.551919,-0.467041,0.690840,1.729955,-0.432338,0.868667,0.241864,0.758902,0.000000,0.000000,0.000000,1.000000,
-0.000003,0.000002,0.000003,0.000002,0.000003,0.000007,0.000052,0.000000,-0.000000,0.000000,-0.000000,0.000000,-nan,-nan,-nan,0.000000,    ,-0.058748,0.720958,0.690484,0.343182,0.997536,0.068966,0.012864,1.952101,-0.038346,0.689538,-0.723233,0.900752,0.000000,0.000000,0.000000,1.000000,    ,-0.058748,0.720960,0.690486,0.343183,0.997539,0.068965,0.012863,1.952100,-0.038346,0.689538,-0.723233,0.900752,0.000000,0.000000,0.000000,1.000000,
-0.000002,-0.000001,0.000000,0.000001,0.000002,-0.000000,0.000000,0.000001,0.000003,0.000003,0.000004,0.000000,-nan,-nan,-nan,0.000000,    ,-0.852156,-0.153634,0.500227,0.566142,0.421771,-0.767479,0.482788,0.507032,0.309741,0.622392,0.718810,0.711850,0.000000,0.000000,0.000000,1.000000,    ,-0.852157,-0.153634,0.500227,0.566143,0.421773,-0.767479,0.482788,0.507033,0.309742,0.622394,0.718813,0.711851,0.000000,0.000000,0.000000,1.000000,
0.000003,-0.000008,0.000002,0.000007,-0.000002,-0.000008,0.000003,0.000007,-0.000005,-0.000003,-0.000000,0.000010,-nan,-nan,-nan,0.000000,    ,0.779399,-0.324759,0.535787,0.760531,-0.593518,-0.108797,0.797433,0.734159,-0.200682,-0.939518,-0.277547,0.539403,0.000000,0.000000,0.000000,1.000000,    ,0.779402,-0.324762,0.535788,0.760526,-0.593519,-0.108798,0.797436,0.734154,-0.200681,-0.939521,-0.277547,0.539398,0.000000,0.000000,0.000000,1.000000,
0.000004,0.000002,-0.000004,0.000002,0.000110,0.000003,0.000005,0.000001,0.000002,-0.000002,0.000000,0.000002,-nan,-nan,-nan,0.000000,    ,0.638296,0.370487,-0.674772,1.062492,0.018490,0.868934,0.494583,1.997633,0.769569,-0.328167,0.547787,1.105887,0.000000,0.000000,0.000000,1.000000,    ,0.638298,0.370487,-0.674775,1.062494,0.018488,0.868936,0.494585,1.997635,0.769570,-0.328168,0.547787,1.105885,0.000000,0.000000,0.000000,1.000000,
0.000002,-0.000007,-0.000006,0.000001,-0.000000,0.000007,-0.000003,0.000005,0.000003,0.000003,0.000000,0.000010,-nan,-nan,-nan,0.000000,    ,0.942356,-0.223008,-0.249464,0.941165,-0.139759,0.415068,-0.898992,1.529022,0.304027,0.882035,0.359974,0.496452,0.000000,0.000000,0.000000,1.000000,    ,0.942358,-0.223010,-0.249466,0.941164,-0.139759,0.415070,-0.898994,1.529031,0.304026,0.882038,0.359974,0.496457,0.000000,0.000000,0.000000,1.000000,
-0.000001,-0.000000,-0.000000,0.000001,0.000001,-0.000002,-0.000001,0.000001,0.000002,-0.000002,0.000001,0.000002,-nan,-nan,-nan,0.000000,    ,-0.451129,-0.731149,-0.511765,1.974080,0.830742,-0.134492,-0.540167,1.593926,0.326114,-0.668830,0.668069,1.901012,0.000000,0.000000,0.000000,1.000000,    ,-0.451130,-0.731149,-0.511765,1.974077,0.830743,-0.134492,-0.540167,1.593928,0.326115,-0.668831,0.668070,1.901008,0.000000,0.000000,0.000000,1.000000,
-0.000006,0.000003,-0.000003,0.000003,-0.000004,0.000002,0.000003,0.000002,0.000002,0.000003,0.000002,0.000000,-nan,-nan,-nan,0.000000,    ,-0.108405,0.970027,-0.217476,1.643227,-0.362248,0.165178,0.917329,1.588264,0.925756,0.178223,0.333484,1.178524,0.000000,0.000000,0.000000,1.000000,    ,-0.108406,0.970030,-0.217476,1.643232,-0.362250,0.165178,0.917332,1.588261,0.925758,0.178224,0.333485,1.178524,0.000000,0.000000,0.000000,1.000000,
