0.000001,-0.000007,0.000005,0.000009,-0.000003,-0.000004,-0.000000,0.000012,0.000005,-0.000008,-0.000008,0.000000,-nan,-nan,-nan,0.000000,    ,0.143196,-0.616804,0.773982,1.573008,-0.468141,-0.731234,-0.496126,0.352746,0.871974,-0.291290,-0.393461,1.792290,0.000000,0.000000,0.000000,1.000000,    ,0.143196,-0.616809,0.773986,1.572993,-0.468143,-0.731237,-0.496125,0.352742,0.871978,-0.291292,-0.393464,1.792290,0.000000,0.000000,0.000000,1.000000,
-0.000004,0.000002,0.000002,0.000000,-0.000004,-0.000003,0.000002,0.000004,0.000002,-0.000002,0.000004,0.000004,-nan,-nan,-nan,0.000000,    ,-0.199775,0.521034,0.829827,0.463428,-0.259758,-0.844760,0.467875,1.440314,0.944783,-0.122085,0.304105,0.333938,0.000000,0.000000,0.000000,1.000000,    ,-0.199775,0.521035,0.829829,0.463428,-0.259759,-0.844762,0.467876,1.440309,0.944786,-0.122084,0.304106,0.333937,0.000000,0.000000,0.000000,1.000000,
0.000006,-0.000003,0.000000,0.000005,0.000010,-0.000005,-0.000005,0.000000,0.000002,0.000001,-0.000003,0.000017,-nan,-nan,-nan,0.000000,    ,0.483869,-0.761935,0.430495,1.010170,0.183825,-0.392451,-0.901216,1.844551,0.855616,0.515207,-0.049832,0.076792,0.000000,0.000000,0.000000,1.000000,    ,0.483872,-0.761937,0.430495,1.010164,0.183827,-0.392453,-0.901220,1.844551,0.855618,0.515207,-0.049832,0.076793,0.000000,0.000000,0.000000,1.000000,
0.000004,0.000001,0.000001,0.000000,0.000001,-0.000000,0.000005,0.000001,0.000001,0.000002,-0.000000,0.000001,-nan,-nan,-nan,0.000000,    ,0.359513,0.652437,0.667141,1.543068,0.780959,-0.601683,0.167574,0.729102,0.510739,0.460764,-0.725839,1.327883,0.000000,0.000000,0.000000,1.000000,    ,0.359514,0.652437,0.667142,1.543068,0.780960,-0.601683,0.167575,0.729102,0.510739,0.460765,-0.725839,1.327885,0.000000,0.000000,0.000000,1.000000,
0.000001,-0.000000,-0.000018,0.000010,-0.000000,-0.000002,0.000004,0.000007,-0.000003,-0.000031,-0.000001,0.000004,-nan,-nan,-nan,0.000000,    ,0.617068,-0.780462,-0.100525,0.288733,-0.758216,-0.623878,0.189432,0.628073,-0.210560,-0.040673,-0.976734,1.142801,0.000000,0.000000,0.000000,1.000000,    ,0.617067,-0.780463,-0.100523,0.288730,-0.758216,-0.623880,0.189433,0.628069,-0.210561,-0.040671,-0.976735,1.142805,0.000000,0.000000,0.000000,1.000000,
-0.000002,0.000005,-0.000002,0.000004,-0.000006,-0.000001,0.001372,0.000003,-0.000004,0.000012,0.000002,0.000000,-nan,-nan,-nan,0.000000,    ,-0.784487,0.136298,-0.604982,0.124832,-0.171419,-0.985198,0.000323,0.336494,-0.595983,0.103958,0.796239,0.648207,0.000000,0.000000,0.000000,1.000000,    ,-0.784488,0.136297,-0.604984,0.124832,-0.171420,-0.985199,0.000322,0.336493,-0.595986,0.103960,0.796241,0.648207,0.000000,0.000000,0.000000,1.000000,
-0.000003,-0.000002,-0.000004,0.000001,-0.000003,0.000000,0.000007,0.000003,0.000006,0.000004,-0.000001,0.000001,-nan,-nan,-nan,0.000000,    ,-0.847986,-0.428820,-0.311502,0.970423,-0.508140,0.824873,0.247747,0.498654,0.150710,0.368373,-0.917381,1.949301,0.000000,0.000000,0.000000,1.000000,    ,-0.847988,-0.428821,-0.311503,0.970423,-0.508141,0.824873,0.247749,0.498652,0.150711,0.368371,-0.917382,1.949299,0.000000,0.000000,0.000000,1.000000,
0.000001,0.000002,0.000004,0.000002,0.000003,-0.000010,-0.000013,0.000004,-0.000011,0.000004,-0.000003,0.000014,-nan,-nan,-nan,0.000000,    ,0.269054,0.894736,0.356451,1.941415,0.955820,-0.202557,-0.213021,0.150686,-0.118396,0.398018,-0.909706,0.412250,0.000000,0.000000,0.000000,1.000000,    ,0.269054,0.894737,0.356450,1.941419,0.955823,-0.202560,-0.213024,0.150685,-0.118395,0.398019,-0.909708,0.412255,0.000000,0.000000,0.000000,1.000000,
0.000003,-0.000002,-0.000005,0.000004,0.000011,0.000000,-0.000003,0.000014,0.000003,0.000002,0.000002,0.000002,-nan,-nan,-nan,0.000000,    ,0.514423,-0.805080,-0.295322,0.503432,0.087682,0.391961,-0.915794,0.204540,0.853042,0.445211,0.272225,0.314647,0.000000,0.000000,0.000000,1.000000,    ,0.514424,-0.805082,-0.295323,0.503430,0.087683,0.391961,-0.915797,0.204542,0.853045,0.445212,0.272225,0.314648,0.000000,0.000000,0.000000,1.000000,
-0.000088,0.000004,0.000008,0.000001,-0.000001,-0.000017,-0.000001,0.000001,-0.000040,-0.000000,0.000003,0.000004,-nan,-nan,-nan,0.000000,    ,-0.033140,0.869363,0.493061,1.644853,-0.998468,-0.006925,-0.054899,0.648585,-0.044313,-0.494125,0.868261,0.450729,0.000000,0.000000,0.000000,1.000000,    ,-0.033143,0.869367,0.493065,1.644856,-0.998469,-0.006925,-0.054899,0.648585,-0.044314,-0.494125,0.868263,0.450727,0.000000,0.000000,0.000000,1.000000,
-0.000001,-0.000003,0.000002,0.000013,-0.000003,0.000002,-0.000004,0.000007,0.000003,-0.000003,-0.000003,0.000051,-nan,-nan,-nan,0.000000,    ,-0.344977,-0.899641,0.267651,0.493136,-0.846892,0.175399,-0.502005,0.527521,0.404678,-0.399852,-0.822407,0.014536,0.000000,0.000000,0.000000,1.000000,    ,-0.344977,-0.899644,0.267652,0.493130,-0.846895,0.175399,-0.502007,0.527525,0.404680,-0.399853,-0.822410,0.014537,0.000000,0.000000,0.000000,1.000000,
-0.000002,-0.000001,-0.000002,0.000000,-0.000001,0.000001,-0.000000,0.000002,0.000006,-0.000003,-0.000002,0.000000,-nan,-nan,-nan,0.000000,    ,-0.963795,-0.194624,-0.182263,1.256623,-0.096777,0.892262,-0.441025,1.342419,0.248461,-0.407419,-0.878793,1.653273,0.000000,0.000000,0.000000,1.000000,    ,-0.963797,-0.194625,-0.182263,1.256623,-0.096777,0.892263,-0.441025,1.342421,0.248462,-0.407420,-0.878795,1.653273,0.000000,0.000000,0.000000,1.000000,
0.000002,0.000004,0.000002,0.000003,-0.000004,0.000004,0.000004,0.000001,0.000003,-0.000004,0.000003,0.000003,-nan,-nan,-nan,0.000000,    ,0.545356,0.834644,0.077177,1.970492,-0.635005,0.351294,0.688012,0.796074,0.547133,-0.424220,0.721583,1.760870,0.000000,0.000000,0.000000,1.000000,    ,0.545358,0.834647,0.077177,1.970497,-0.635008,0.351295,0.688015,0.796074,0.547135,-0.424221,0.721585,1.760865,0.000000,0.000000,0.000000,1.000000,
-0.000000,-0.000002,0.000001,0.000001,0.000000,-0.000001,0.000004,0.000009,0.000008,0.000001,0.000000,0.000005,-nan,-nan,-nan,0.000000,    ,-0.904677,-0.364805,0.220175,1.132568,0.419938,-0.850893,0.315648,0.409077,0.072195,0.378019,0.922979,0.247337,0.000000,0.000000,0.000000,1.000000,    ,-0.904677,-0.364806,0.220175,1.132567,0.419938,-0.850894,0.315649,0.409074,0.072196,0.378019,0.922979,0.247336,0.000000,0.000000,0.000000,1.000000,
-0.000002,0.000004,0.000005,0.000001,-0.000001,-0.000001,-0.000001,0.000005,0.000011,-0.000002,0.000002,0.000003,-nan,-nan,-nan,0.000000,    ,-0.897010,0.302266,0.322504,0.907731,-0.438073,-0.705124,-0.557577,0.196638,0.058869,-0.641432,0.764918,1.372044,0.000000,0.000000,0.000000,1.000000,    ,-0.897011,0.302267,0.322506,0.907732,-0.438073,-0.705125,-0.557577,0.196637,0.058868,-0.641433,0.764919,1.372041,0.000000,0.000000,0.000000,1.000000,
-0.000004,-0.000004,0.000004,0.000025,-0.000004,0.000010,-0.000002,0.000001,0.000054,-0.000002,-0.000002,0.000004,-nan,-nan,-nan,0.000000,    ,-0.150854,-0.734525,0.661601,0.347324,-0.988503,0.105167,-0.108633,1.784294,0.010214,-0.670383,-0.741945,0.363569,0.000000,0.000000,0.000000,1.000000,    ,-0.150854,-0.734528,0.661604,0.347315,-0.988507,0.105168,-0.108632,1.784296,0.010214,-0.670384,-0.741946,0.363568,0.000000,0.000000,0.000000,1.000000,
-0.000000,-0.000003,-0.000016,0.000002,0.000004,-0.000016,-0.000003,0.000001,0.000005,-0.000003,0.000003,0.000002,-nan,-nan,-nan,0.000000,    ,-0.149243,-0.982749,-0.109232,1.988834,0.851835,-0.071689,-0.518881,0.678216,0.502099,-0.170487,0.847839,1.817617,0.000000,0.000000,0.000000,1.000000,    ,-0.149244,-0.982752,-0.109234,1.988830,0.851839,-0.071690,-0.518883,0.678217,0.502102,-0.170487,0.847842,1.817613,0.000000,0.000000,0.000000,1.000000,
0.000001,0.000000,0.000000,0.000000,0.000003,-0.000002,-0.000008,0.000003,0.000006,0.000001,-0.000002,0.000005,-nan,-nan,-nan,0.000000,    ,0.633687,0.648013,0.422516,1.326802,0.758549,-0.627678,-0.174996,0.268346,0.151804,0.431392,-0.889301,0.288710,0.000000,0.000000,0.000000,1.000000,    ,0.633687,0.648013,0.422516,1.326802,0.758551,-0.627680,-0.174998,0.268345,0.151805,0.431391,-0.889303,0.288712,0.000000,0.000000,0.000000,1.000000,
0.000002,0.000000,0.000002,0.000001,-0.000002,0.000004,0.000002,0.000001,0.000003,-0.000000,0.000001,0.000000,-nan,-nan,-nan,0.000000,    ,0.819938,0.518501,0.242607,0.795867,-0.432791,0.284082,0.855564,0.303246,0.374691,-0.806508,0.457332,1.856143,0.000000,0.000000,0.000000,1.000000,    ,0.819940,0.518501,0.242607,0.795866,-0.432792,0.284083,0.855565,0.303247,0.374691,-0.806507,0.457332,1.856144,0.000000,0.000000,0.000000,1.000000,
-0.000002,0.002652,-0.000005,0.000001,-0.000003,-0.000002,0.000003,0.000002,-0.000008,0.000001,0.000002,0.000001,-nan,-nan,-nan,0.000000,    ,-0.947510,0.000228,-0.319727,1.645665,-0.311910,-0.220434,0.924187,1.509416,-0.070268,0.975402,0.208935,1.597847,0.000000,0.000000,0.000000,1.000000,    ,-0.947511,0.000228,-0.319729,1.645666,-0.311911,-0.220434,0.924189,1.509413,-0.070267,0.975403,0.208935,1.597849,0.000000,0.000000,0.000000,1.000000,
0.000003,0.000000,-0.000002,0.000006,0.000020,0.000002,0.000003,0.000001,0.000001,-0.000003,0.000001,0.000001,-nan,-nan,-nan,0.000000,    ,0.616156,0.283698,-0.734757,0.305490,0.039686,0.920510,0.388699,1.358716,0.786623,-0.268659,0.555919,1.711480,0.000000,0.000000,0.000000,1.000000,    ,0.616158,0.283697,-0.734758,0.305492,0.039686,0.920511,0.388700,1.358718,0.786625,-0.268660,0.555919,1.711477,0.000000,0.000000,0.000000,1.000000,
0.000001,-0.000001,-0.000001,0.000000,0.000001,0.000000,0.000001,0.000001,0.000016,-0.000000,0.000000,0.000001,-nan,-nan,-nan,0.000000,    ,0.438058,-0.505418,-0.743410,1.767794,0.898617,0.268606,0.346898,1.958817,0.024356,-0.820002,0.571842,1.541048,0.000000,0.000000,0.000000,1.000000,    ,0.438058,-0.505418,-0.743411,1.767794,0.898618,0.268606,0.346899,1.958815,0.024356,-0.820002,0.571842,1.541047,0.000000,0.000000,0.000000,1.000000,
-0.000002,0.000004,0.000001,0.000011,0.000004,0.000002,-0.000015,0.000003,-0.000002,0.000001,-0.000005,0.000002,-nan,-nan,-nan,0.000000,    ,-0.324475,0.111830,0.939260,0.155455,0.209936,0.976735,-0.043768,0.913093,-0.922303,0.182983,-0.340404,1.524671,0.000000,0.000000,0.000000,1.000000,    ,-0.324475,0.111830,0.939261,0.155453,0.209937,0.976737,-0.043768,0.913095,-0.922305,0.182983,-0.340405,1.524673,0.000000,0.000000,0.000000,1.000000,
-0.000004,-0.000001,-0.000002,0.000001,-0.000003,-0.000006,0.000001,0.000001,-0.000002,0.000000,-0.000003,0.000002,-nan,-nan,-nan,0.000000,    ,-0.497221,-0.592644,-0.633675,0.697387,-0.674668,-0.195114,0.711866,1.888240,-0.545522,0.781475,-0.302823,1.353536,0.000000,0.000000,0.000000,1.000000,    ,-0.497223,-0.592643,-0.633674,0.697387,-0.674666,-0.195115,0.711866,1.888238,-0.545523,0.781475,-0.302824,1.353538,0.000000,0.000000,0.000000,1.000000,
-0.000001,0.000001,-0.000005,0.000000,0.000035,-0.000004,-0.000001,0.000001,-0.000002,-0.000002,0.000013,0.000001,-nan,-nan,-nan,0.000000,    ,-0.313780,0.921670,-0.228180,0.566456,0.019240,-0.234096,-0.972023,1.171153,-0.949301,-0.309391,0.055721,0.319907,0.000000,0.000000,0.000000,1.000000,    ,-0.313780,0.921671,-0.228179,0.566456,0.019241,-0.234097,-0.972024,1.171152,-0.949303,-0.309391,0.055722,0.319907,0.000000,0.000000,0.000000,1.000000,
