-0.000003,0.000002,0.000003,0.000000,-0.000003,-0.000000,0.000001,0.000001,0.000003,0.000001,0.000001,0.000003,-nan,-nan,-nan,0.000000,    ,-0.427253,0.676959,0.599317,1.220715,-0.073486,-0.686673,0.723243,0.556728,0.901141,0.264966,0.343130,0.067827,0.000000,0.000000,0.000000,1.000000,    ,-0.427255,0.676960,0.599319,1.220715,-0.073487,-0.686673,0.723244,0.556727,0.901143,0.264967,0.343131,0.067827,0.000000,0.000000,0.000000,1.000000,
-0.000002,0.000000,-0.000004,0.000002,-0.000002,-0.000000,-0.000000,0.000001,-0.000001,-0.000007,0.000001,0.000002,-nan,-nan,-nan,0.000000,    ,-0.468977,0.797473,-0.379601,1.338863,-0.363179,-0.565903,-0.740172,1.878352,-0.805085,-0.209261,0.555021,1.507868,0.000000,0.000000,0.000000,1.000000,    ,-0.468976,0.797474,-0.379602,1.338866,-0.363180,-0.565903,-0.740173,1.878354,-0.805084,-0.209262,0.555020,1.507865,0.000000,0.000000,0.000000,1.000000,
-0.000003,0.000007,-0.000004,0.000003,-0.000004,0.000008,0.000005,0.000002,0.000002,0.000002,0.000017,0.000000,-nan,-nan,-nan,0.000000,    ,-0.303465,0.185289,-0.934653,0.341403,-0.913054,0.223950,0.340849,0.875251,0.272471,0.956825,0.101218,1.713419,0.000000,0.000000,0.000000,1.000000,    ,-0.303464,0.185287,-0.934657,0.341404,-0.913058,0.223952,0.340851,0.875253,0.272471,0.956827,0.101219,1.713420,0.000000,0.000000,0.000000,1.000000,
0.000003,-0.000003,0.000002,0.000003,-0.000001,-0.000001,0.000002,0.000005,-0.000004,-0.000001,-0.000002,0.000005,-nan,-nan,-nan,0.000000,    ,0.955569,-0.282562,0.083939,0.741808,-0.159416,-0.255870,0.953476,0.682637,-0.247939,-0.924494,-0.289547,0.155135,0.000000,0.000000,0.000000,1.000000,    ,0.955572,-0.282563,0.083940,0.741806,-0.159416,-0.255870,0.953478,0.682634,-0.247940,-0.924495,-0.289547,0.155134,0.000000,0.000000,0.000000,1.000000,
-0.000001,0.000001,0.000027,0.000009,0.000001,0.000005,-0.000001,0.000019,-0.000002,-0.000000,-0.000002,0.000001,-nan,-nan,-nan,0.000000,    ,-0.666261,0.743079,0.062693,0.330695,0.644674,0.616199,-0.452432,0.387246,-0.374824,-0.261021,-0.889593,1.778729,0.000000,0.000000,0.000000,1.000000,    ,-0.666260,0.743080,0.062691,0.330698,0.644674,0.616202,-0.452433,0.387253,-0.374825,-0.261021,-0.889594,1.778730,0.000000,0.000000,0.000000,1.000000,
-0.000000,-0.000002,0.000001,0.000006,0.000006,-0.000001,-0.000001,0.000012,0.000005,0.000011,0.000005,0.000002,-nan,-nan,-nan,0.000000,    ,-0.512716,-0.304336,0.802809,0.325065,0.259191,-0.946305,-0.193202,0.134275,0.818500,0.109023,0.564067,1.112050,0.000000,0.000000,0.000000,1.000000,    ,-0.512716,-0.304337,0.802810,0.325063,0.259189,-0.946306,-0.193201,0.134273,0.818504,0.109024,0.564069,1.112048,0.000000,0.000000,0.000000,1.000000,
-0.000001,0.000003,0.000003,0.000001,-0.000001,0.000001,-0.000002,0.000008,-0.000001,-0.000000,-0.000000,0.000001,-nan,-nan,-nan,0.000000,    ,-0.949951,0.180314,0.255108,0.871656,-0.035035,0.749965,-0.660549,0.313653,-0.310428,-0.636427,-0.706113,0.706485,0.000000,0.000000,0.000000,1.000000,    ,-0.949952,0.180314,0.255108,0.871657,-0.035035,0.749966,-0.660550,0.313655,-0.310428,-0.636427,-0.706113,0.706484,0.000000,0.000000,0.000000,1.000000,
0.000002,0.000001,-0.000001,0.000002,0.000002,-0.000001,0.000005,0.000003,-0.000002,-0.000003,-0.000003,0.000002,-nan,-nan,-nan,0.000000,    ,0.620053,0.423876,-0.660199,1.168745,0.689825,-0.695398,0.201402,0.584541,-0.373731,-0.580302,-0.723584,0.192800,0.000000,0.000000,0.000000,1.000000,    ,0.620055,0.423877,-0.660200,1.168747,0.689826,-0.695399,0.201403,0.584539,-0.373732,-0.580304,-0.723587,0.192799,0.000000,0.000000,0.000000,1.000000,
-0.000002,-0.000001,0.000001,0.000001,-0.000004,0.000002,0.000009,0.000003,-0.000001,-0.000008,-0.000002,0.000000,-nan,-nan,-nan,0.000000,    ,-0.610540,-0.714494,0.341671,1.141269,-0.711383,0.684364,0.159939,0.260627,-0.348102,-0.145410,-0.926111,0.920483,0.000000,0.000000,0.000000,1.000000,    ,-0.610541,-0.714494,0.341670,1.141270,-0.711386,0.684365,0.159940,0.260628,-0.348103,-0.145411,-0.926112,0.920483,0.000000,0.000000,0.000000,1.000000,
-0.000003,0.000004,-0.000004,0.000045,-0.000003,0.000002,0.000004,0.000007,0.000002,0.000002,0.000001,0.000002,-nan,-nan,-nan,0.000000,    ,-0.519868,0.745636,-0.416850,0.138979,-0.598075,0.030732,0.800851,0.428351,0.609954,0.665644,0.429970,1.176667,0.000000,0.000000,0.000000,1.000000,    ,-0.519870,0.745639,-0.416851,0.138986,-0.598077,0.030732,0.800854,0.428348,0.609955,0.665646,0.429970,1.176669,0.000000,0.000000,0.000000,1.000000,
-0.000004,0.000004,0.000004,0.000001,-0.000002,0.000019,-0.000003,0.000004,-0.000002,-0.000003,0.000005,0.000015,-nan,-nan,-nan,0.000000,    ,-0.519618,0.534046,0.666927,1.303602,-0.772664,0.039448,-0.633588,0.890085,-0.364675,-0.844534,0.392140,0.435952,0.000000,0.000000,0.000000,1.000000,    ,-0.519620,0.534048,0.666930,1.303603,-0.772666,0.039449,-0.633590,0.890089,-0.364675,-0.844537,0.392142,0.435945,0.000000,0.000000,0.000000,1.000000,
-0.000002,0.000003,-0.000000,0.000001,-0.000000,-0.000002,0.000001,0.000002,0.000002,0.000000,0.000002,0.000001,-nan,-nan,-nan,0.000000,    ,-0.954590,0.147912,-0.258611,1.572722,-0.286280,-0.215129,0.933682,0.591087,0.082468,0.965319,0.247705,0.379149,0.000000,0.000000,0.000000,1.000000,    ,-0.954592,0.147912,-0.258611,1.572723,-0.286280,-0.215129,0.933683,0.591088,0.082468,0.965320,0.247705,0.379149,0.000000,0.000000,0.000000,1.000000,
0.000004,-0.000004,0.000002,0.000002,0.000002,0.000001,0.000004,0.000004,-0.000002,-0.000003,0.000002,0.000003,-nan,-nan,-nan,0.000000,    ,0.903418,-0.349322,0.248617,0.978332,0.277479,0.918384,0.282092,0.157878,-0.326867,-0.185860,0.926614,0.390702,0.000000,0.000000,0.000000,1.000000,    ,0.903421,-0.349324,0.248617,0.978330,0.277480,0.918386,0.282093,0.157879,-0.326868,-0.185860,0.926616,0.390701,0.000000,0.000000,0.000000,1.000000,
0.000005,-0.000003,0.000002,0.000013,0.000002,0.000002,0.000002,0.000000,-0.000003,0.000005,0.000002,0.000001,-nan,-nan,-nan,0.000000,    ,0.303397,-0.892772,0.333030,0.292153,0.824540,0.421155,0.377840,1.502752,-0.477582,0.159960,0.863903,1.353446,0.000000,0.000000,0.000000,1.000000,    ,0.303399,-0.892774,0.333029,0.292149,0.824541,0.421155,0.377841,1.502752,-0.477583,0.159961,0.863905,1.353445,0.000000,0.000000,0.000000,1.000000,
0.000002,-0.000006,-0.000001,0.000003,-0.000000,0.000005,-0.000001,0.000001,0.000009,0.000003,-0.000009,0.000008,-nan,-nan,-nan,0.000000,    ,0.163809,-0.187637,-0.968483,1.816404,-0.985058,0.021799,-0.170836,0.059931,0.053167,0.981996,-0.181263,0.783862,0.000000,0.000000,0.000000,1.000000,    ,0.163809,-0.187636,-0.968484,1.816409,-0.985058,0.021799,-0.170836,0.059931,0.053167,0.981999,-0.181264,0.783869,0.000000,0.000000,0.000000,1.000000,
-0.000051,0.000001,0.000000,0.000004,-0.000001,0.000005,-0.000002,0.000003,-0.000001,-0.000004,0.000001,0.000002,-nan,-nan,-nan,0.000000,    ,-0.014851,0.965512,0.259936,0.644472,-0.700481,0.175464,-0.691765,0.976662,-0.713516,-0.192354,0.673717,1.374609,0.000000,0.000000,0.000000,1.000000,    ,-0.014851,0.965513,0.259936,0.644474,-0.700482,0.175465,-0.691766,0.976665,-0.713516,-0.192354,0.673718,1.374607,0.000000,0.000000,0.000000,1.000000,
0.000002,-0.000002,-0.000003,0.000001,0.000000,0.000001,0.000000,0.000000,-0.000001,-0.000001,0.000001,0.000005,-nan,-nan,-nan,0.000000,    ,0.785740,-0.502426,-0.360805,1.237289,0.554805,0.314530,0.770235,0.295092,-0.273502,-0.805382,0.525887,0.265872,0.000000,0.000000,0.000000,1.000000,    ,0.785742,-0.502427,-0.360806,1.237287,0.554805,0.314530,0.770236,0.295092,-0.273502,-0.805382,0.525887,0.265871,0.000000,0.000000,0.000000,1.000000,
0.000008,-0.000006,-0.000004,0.000003,0.000002,-0.000004,0.000000,0.000003,-0.000002,-0.000003,-0.000001,0.000002,-nan,-nan,-nan,0.000000,    ,0.376268,-0.133488,-0.916844,0.723443,0.644071,-0.673672,0.362407,1.442539,-0.666029,-0.726875,-0.167505,1.856650,0.000000,0.000000,0.000000,1.000000,    ,0.376271,-0.133489,-0.916848,0.723445,0.644073,-0.673674,0.362407,1.442534,-0.666030,-0.726877,-0.167505,1.856647,0.000000,0.000000,0.000000,1.000000,
-0.000002,-0.000002,0.000004,0.000001,-0.000001,0.000000,-0.000001,0.000003,-0.000096,-0.000003,-0.000004,0.000005,-nan,-nan,-nan,0.000000,    ,-0.972956,-0.163325,0.163346,0.332624,-0.230028,0.749607,-0.620626,0.292602,-0.021081,-0.641416,-0.766904,0.072454,0.000000,0.000000,0.000000,1.000000,    ,-0.972957,-0.163325,0.163347,0.332624,-0.230028,0.749607,-0.620626,0.292603,-0.021079,-0.641418,-0.766906,0.072454,0.000000,0.000000,0.000000,1.000000,
0.000004,0.000005,0.000006,0.000001,0.000001,-0.000001,-0.000001,0.000000,-0.000002,0.000001,-0.000001,0.000001,-nan,-nan,-nan,0.000000,    ,0.905347,0.281875,0.317638,0.883689,0.418183,-0.461466,-0.782415,0.451603,-0.073964,0.841187,-0.535662,1.808764,0.000000,0.000000,0.000000,1.000000,    ,0.905350,0.281876,0.317640,0.883689,0.418182,-0.461466,-0.782416,0.451603,-0.073964,0.841188,-0.535662,1.808767,0.000000,0.000000,0.000000,1.000000,
0.000000,-0.000002,-0.000013,0.000005,-0.000001,-0.000000,-0.000001,0.000004,0.000004,0.000003,-0.000004,0.000005,-nan,-nan,-nan,0.000000,    ,0.862021,-0.503502,-0.058356,0.609481,-0.303066,-0.419702,-0.855571,0.199466,0.406290,0.755205,-0.514386,1.165418,0.000000,0.000000,0.000000,1.000000,    ,0.862021,-0.503504,-0.058355,0.609478,-0.303066,-0.419702,-0.855571,0.199467,0.406291,0.755207,-0.514389,1.165424,0.000000,0.000000,0.000000,1.000000,
-0.000003,0.000002,-0.000002,0.000002,0.000005,-0.000002,-0.000002,0.000001,-0.000002,-0.000002,-0.000005,0.000002,-nan,-nan,-nan,0.000000,    ,-0.098366,0.794698,-0.598982,1.702218,0.088983,-0.592466,-0.800666,0.518864,-0.991164,-0.132057,-0.012437,0.065443,0.000000,0.000000,0.000000,1.000000,    ,-0.098366,0.794699,-0.598983,1.702222,0.088984,-0.592467,-0.800667,0.518863,-0.991166,-0.132058,-0.012436,0.065443,0.000000,0.000000,0.000000,1.000000,
0.000002,-0.000001,0.000001,0.000003,0.000005,-0.000000,-0.000001,0.000000,0.000001,0.000001,-0.000013,0.000000,-nan,-nan,-nan,0.000000,    ,0.518622,-0.726909,0.450149,0.578795,0.171146,-0.427573,-0.887632,0.849306,0.837699,0.537387,-0.097341,0.503772,0.000000,0.000000,0.000000,1.000000,    ,0.518623,-0.726910,0.450150,0.578793,0.171147,-0.427573,-0.887633,0.849306,0.837700,0.537386,-0.097343,0.503771,0.000000,0.000000,0.000000,1.000000,
0.000002,-0.000003,0.000002,0.000003,-0.000003,-0.000003,-0.000003,0.000003,0.000006,-0.000007,-0.000011,0.000001,-nan,-nan,-nan,0.000000,    ,0.223266,-0.313998,0.922799,1.825968,-0.467819,-0.865058,-0.181164,1.878381,0.855159,-0.391255,-0.340032,1.009007,0.000000,0.000000,0.000000,1.000000,    ,0.223267,-0.313998,0.922801,1.825962,-0.467820,-0.865061,-0.181164,1.878375,0.855164,-0.391258,-0.340036,1.009005,0.000000,0.000000,0.000000,1.000000,
0.000001,-0.000002,0.000002,0.000029,-0.000002,-0.000005,-0.000005,0.000001,0.000005,-0.000015,-0.000009,0.000002,-nan,-nan,-nan,0.000000,    ,0.063257,-0.742825,0.666490,0.173473,-0.229979,-0.660704,-0.714549,1.274879,0.971138,-0.108079,-0.212628,0.439525,0.000000,0.000000,0.000000,1.000000,    ,0.063257,-0.742827,0.666492,0.173467,-0.229979,-0.660707,-0.714552,1.274878,0.971142,-0.108081,-0.212630,0.439524,0.000000,0.000000,0.000000,1.000000,
