-0.000002,0.000001,-0.000000,0.000000,-0.000001,-0.000001,0.000000,0.000004,-0.000052,0.000002,0.000002,0.000001,-nan,-nan,-nan,0.000000,    ,-0.292115,0.712656,-0.637801,1.920624,-0.956028,-0.235759,0.174436,0.141087,-0.026054,0.660711,0.750188,1.509657,0.000000,0.000000,0.000000,1.000000,    ,-0.292116,0.712656,-0.637801,1.920624,-0.956029,-0.235759,0.174436,0.141087,-0.026056,0.660712,0.750190,1.509659,0.000000,0.000000,0.000000,1.000000,
0.000028,0.000002,0.000003,0.000000,0.000005,-0.000004,0.000007,0.000004,0.000001,0.000003,-0.000003,0.000044,-nan,-nan,-nan,0.000000,    ,0.063905,0.577558,0.813844,0.579030,0.942567,-0.302843,0.140905,0.993559,0.327848,0.758098,-0.563740,0.153446,0.000000,0.000000,0.000000,1.000000,    ,0.063907,0.577560,0.813847,0.579030,0.942571,-0.302844,0.140906,0.993555,0.327848,0.758100,-0.563742,0.153453,0.000000,0.000000,0.000000,1.000000,
0.000002,0.000000,-0.000001,0.000001,-0.000002,-0.000000,-0.000000,0.000000,-0.000001,0.000000,0.000003,0.000000,-nan,-nan,-nan,0.000000,    ,0.260769,0.494858,-0.828924,1.668262,-0.495470,-0.668321,-0.554848,1.806004,-0.828558,0.555395,0.070909,0.428048,0.000000,0.000000,0.000000,1.000000,    ,0.260769,0.494858,-0.828923,1.668262,-0.495469,-0.668321,-0.554848,1.806005,-0.828558,0.555395,0.070910,0.428048,0.000000,0.000000,0.000000,1.000000,
0.000001,0.000002,0.000000,0.000001,0.000009,-0.000000,0.000323,0.000001,0.000002,0.000013,-0.000002,0.000002,-nan,-nan,-nan,0.000000,    ,0.750425,0.113701,0.651102,0.334891,0.147591,-0.989045,0.002609,1.761521,0.644266,0.094139,-0.758985,0.484777,0.000000,0.000000,0.000000,1.000000,    ,0.750425,0.113700,0.651102,0.334891,0.147592,-0.989045,0.002609,1.761523,0.644267,0.094138,-0.758987,0.484776,0.000000,0.000000,0.000000,1.000000,
0.000002,-0.000029,0.000000,0.000010,-0.000002,-0.000003,0.000003,0.000008,0.000007,-0.000003,-0.000003,0.000005,-nan,-nan,-nan,0.000000,    ,0.888985,-0.042889,0.455923,0.230510,-0.375258,-0.638852,0.671602,0.849680,0.262463,-0.768133,-0.584025,0.493012,0.000000,0.000000,0.000000,1.000000,    ,0.888987,-0.042891,0.455923,0.230508,-0.375259,-0.638854,0.671604,0.849673,0.262465,-0.768135,-0.584026,0.493009,0.000000,0.000000,0.000000,1.000000,
0.000002,-0.000000,-0.000004,0.000002,0.000001,-0.000008,0.000003,0.000017,-0.000001,-0.000005,-0.000001,0.000058,-nan,-nan,-nan,0.000000,    ,0.924933,-0.148827,-0.349784,0.901377,0.277361,-0.365008,0.888730,0.521810,-0.259941,-0.919032,-0.296329,0.162613,0.000000,0.000000,0.000000,1.000000,    ,0.924935,-0.148827,-0.349785,0.901378,0.277361,-0.365011,0.888732,0.521802,-0.259941,-0.919037,-0.296329,0.162603,0.000000,0.000000,0.000000,1.000000,
-0.000001,-0.000002,-0.000004,0.000058,0.000001,-0.000000,-0.000000,0.000001,0.000001,-0.000003,0.000002,0.000032,-nan,-nan,-nan,0.000000,    ,-0.773977,-0.617873,-0.138536,0.048519,0.527068,-0.507375,-0.681741,0.658487,0.350940,-0.600670,0.718357,0.158577,0.000000,0.000000,0.000000,1.000000,    ,-0.773978,-0.617874,-0.138535,0.048516,0.527067,-0.507375,-0.681741,0.658488,0.350939,-0.600671,0.718359,0.158572,0.000000,0.000000,0.000000,1.000000,
0.000002,-0.000002,-0.000002,0.000003,-0.000004,-0.000004,0.000003,0.000012,-0.000003,-0.000001,-0.000002,0.000003,-nan,-nan,-nan,0.000000,    ,0.892720,-0.438230,-0.104909,0.684933,-0.369835,-0.845565,0.385022,0.676733,-0.257435,-0.304918,-0.916925,0.600605,0.000000,0.000000,0.000000,1.000000,    ,0.892722,-0.438231,-0.104908,0.684931,-0.369837,-0.845568,0.385023,0.676725,-0.257436,-0.304919,-0.916927,0.600607,0.000000,0.000000,0.000000,1.000000,
-0.000002,-0.000001,-0.000000,0.000001,-0.000000,0.000000,0.000001,0.000000,0.000003,0.000002,-0.000003,0.000002,-nan,-nan,-nan,0.000000,    ,-0.394442,-0.221772,-0.891758,0.817820,-0.885920,0.349511,0.304940,0.110262,0.244052,0.910307,-0.334334,1.669462,0.000000,0.000000,0.000000,1.000000,    ,-0.394443,-0.221772,-0.891758,0.817821,-0.885920,0.349511,0.304939,0.110262,0.244052,0.910309,-0.334335,1.669466,0.000000,0.000000,0.000000,1.000000,
0.000004,0.000004,-0.000000,0.000003,-0.000001,0.000002,-0.000001,0.000001,0.000001,0.000003,0.000005,0.000001,-nan,-nan,-nan,0.000000,    ,0.396850,0.516352,-0.758875,1.103821,-0.865770,0.485186,-0.122621,1.822909,0.304880,0.705674,0.639588,0.657619,0.000000,0.000000,0.000000,1.000000,    ,0.396851,0.516350,-0.758875,1.103818,-0.865772,0.485185,-0.122621,1.822907,0.304880,0.705676,0.639591,0.657620,0.000000,0.000000,0.000000,1.000000,
-0.000001,-0.000010,0.000001,0.000000,0.000010,-0.000001,-0.000016,0.000001,0.000001,0.000004,0.000001,0.000001,-nan,-nan,-nan,0.000000,    ,-0.227916,-0.088521,0.969648,1.628913,0.093136,-0.993274,-0.068786,1.085667,0.969216,0.074632,0.234628,0.522509,0.000000,0.000000,0.000000,1.000000,    ,-0.227917,-0.088520,0.969650,1.628913,0.093137,-0.993275,-0.068787,1.085666,0.969217,0.074631,0.234628,0.522508,0.000000,0.000000,0.000000,1.000000,
0.000001,-0.000002,-0.000009,0.000002,-0.000003,-0.000004,0.000003,0.000006,-0.000002,-0.000003,-0.000001,0.000002,-nan,-nan,-nan,0.000000,    ,0.963804,-0.261078,-0.054035,0.847188,-0.037314,-0.332773,0.942269,1.007286,-0.263988,-0.906146,-0.330469,1.852789,0.000000,0.000000,0.000000,1.000000,    ,0.963805,-0.261079,-0.054035,0.847186,-0.037315,-0.332774,0.942271,1.007279,-0.263987,-0.906148,-0.330470,1.852786,0.000000,0.000000,0.000000,1.000000,
0.000013,0.000003,-0.000003,0.000003,0.000000,0.000035,0.000001,0.000006,0.000003,-0.000004,-0.000003,0.000001,-nan,-nan,-nan,0.000000,    ,0.077698,0.982944,-0.166685,1.856965,0.824229,0.030730,0.565422,0.345801,0.560900,-0.181318,-0.807784,1.002631,0.000000,0.000000,0.000000,1.000000,    ,0.077697,0.982947,-0.166685,1.856970,0.824230,0.030729,0.565421,0.345799,0.560902,-0.181319,-0.807786,1.002632,0.000000,0.000000,0.000000,1.000000,
-0.000003,-0.000000,-0.000000,0.000000,0.000001,0.000009,-0.000003,0.000001,0.000000,-0.000002,0.000002,0.000004,-nan,-nan,-nan,0.000000,    ,-0.241658,-0.524679,-0.816280,0.867611,0.956126,0.014813,-0.292580,1.165244,0.165602,-0.851171,0.498080,0.984365,0.000000,0.000000,0.000000,1.000000,    ,-0.241659,-0.524679,-0.816280,0.867612,0.956127,0.014813,-0.292581,1.165245,0.165602,-0.851173,0.498081,0.984361,0.000000,0.000000,0.000000,1.000000,
-0.000021,-0.000033,-0.000004,0.000002,-0.000002,0.000002,0.000027,0.000004,0.000005,0.000004,-0.000010,0.000005,-nan,-nan,-nan,0.000000,    ,-0.083870,-0.019856,-0.996279,1.823731,-0.766911,0.639658,0.051813,1.142942,0.636249,0.768403,-0.068876,0.808850,0.000000,0.000000,0.000000,1.000000,    ,-0.083872,-0.019857,-0.996283,1.823735,-0.766913,0.639660,0.051811,1.142947,0.636252,0.768406,-0.068875,0.808854,0.000000,0.000000,0.000000,1.000000,
-0.000004,0.000002,0.000021,0.000002,-0.000003,-0.000002,0.000002,0.000002,0.000002,0.000002,0.000002,0.000000,-nan,-nan,-nan,0.000000,    ,-0.491336,0.869329,0.053438,1.819675,-0.348197,-0.252294,0.902833,1.409455,0.798341,0.424987,0.426659,1.114222,0.000000,0.000000,0.000000,1.000000,    ,-0.491338,0.869332,0.053439,1.819678,-0.348198,-0.252294,0.902835,1.409452,0.798343,0.424988,0.426660,1.114223,0.000000,0.000000,0.000000,1.000000,
-0.000004,0.000025,0.000002,0.000005,-0.000004,0.000007,-0.000010,0.000013,-0.000001,-0.000004,-0.000008,0.000227,-nan,-nan,-nan,0.000000,    ,-0.362505,0.089251,0.927699,1.519717,-0.787235,0.503474,-0.356055,0.783684,-0.498851,-0.859388,-0.112250,0.034345,0.000000,0.000000,0.000000,1.000000,    ,-0.362503,0.089249,0.927701,1.519710,-0.787238,0.503477,-0.356059,0.783695,-0.498851,-0.859391,-0.112249,0.034337,0.000000,0.000000,0.000000,1.000000,
-0.000002,0.000003,0.000003,0.000000,0.000008,0.000003,-0.000001,0.000008,-0.000003,-0.000063,-0.000004,0.000001,-nan,-nan,-nan,0.000000,    ,-0.376462,0.441283,0.814583,0.606593,0.174109,0.897302,-0.405629,0.691964,-0.909925,-0.010877,-0.414631,1.395622,0.000000,0.000000,0.000000,1.000000,    ,-0.376463,0.441284,0.814586,0.606593,0.174110,0.897305,-0.405629,0.691970,-0.909928,-0.010878,-0.414633,1.395624,0.000000,0.000000,0.000000,1.000000,
-0.000005,0.000001,-0.000004,0.000002,0.000004,0.000002,-0.000003,0.000002,-0.000004,-0.000006,-0.000008,0.000011,-nan,-nan,-nan,0.000000,    ,-0.764493,0.545088,-0.344135,1.777631,0.597121,0.397646,-0.696653,1.918131,-0.242893,-0.738076,-0.629481,0.199311,0.000000,0.000000,0.000000,1.000000,    ,-0.764497,0.545089,-0.344136,1.777635,0.597123,0.397646,-0.696655,1.918134,-0.242895,-0.738081,-0.629486,0.199309,0.000000,0.000000,0.000000,1.000000,
-0.000002,0.000003,-0.000001,0.000003,-0.000004,0.000008,0.000003,0.000026,0.000001,0.000001,0.000005,0.000001,-nan,-nan,-nan,0.000000,    ,-0.375181,0.535502,-0.756622,0.925416,-0.801056,0.223412,0.555335,0.052100,0.466421,0.814448,0.345147,1.702517,0.000000,0.000000,0.000000,1.000000,    ,-0.375182,0.535501,-0.756621,0.925413,-0.801059,0.223413,0.555337,0.052101,0.466422,0.814448,0.345149,1.702516,0.000000,0.000000,0.000000,1.000000,
-0.000002,-0.000001,-0.000004,0.000005,-0.000001,0.000005,0.000005,0.000000,-0.000007,0.000004,-0.000001,0.000001,-nan,-nan,-nan,0.000000,    ,-0.217618,-0.973517,-0.070047,0.397901,-0.963608,0.202879,0.174067,0.705148,-0.155246,0.105378,-0.982239,1.540724,0.000000,0.000000,0.000000,1.000000,    ,-0.217618,-0.973518,-0.070047,0.397899,-0.963609,0.202880,0.174068,0.705148,-0.155245,0.105378,-0.982240,1.540725,0.000000,0.000000,0.000000,1.000000,
0.000005,0.000001,0.000007,0.000002,0.000001,-0.000001,0.000005,0.000004,0.000001,0.000091,-0.000001,0.000016,-nan,-nan,-nan,0.000000,    ,0.265513,0.957837,0.109776,1.870392,0.894464,-0.287221,0.342692,0.525089,0.359773,0.007201,-0.933012,0.181643,0.000000,0.000000,0.000000,1.000000,    ,0.265514,0.957838,0.109775,1.870395,0.894465,-0.287221,0.342693,0.525086,0.359772,0.007202,-0.933013,0.181646,0.000000,0.000000,0.000000,1.000000,
0.000000,0.000003,-0.000004,0.000002,-0.000017,-0.000003,-0.000003,0.000001,-0.000004,0.000006,-0.000001,0.000034,-nan,-nan,-nan,0.000000,    ,0.694123,0.486160,-0.530887,1.668031,-0.085931,-0.676258,-0.731636,0.990493,-0.714709,0.553465,-0.427630,0.202787,0.000000,0.000000,0.000000,1.000000,    ,0.694123,0.486162,-0.530889,1.668035,-0.085930,-0.676260,-0.731638,0.990491,-0.714712,0.553468,-0.427630,0.202794,0.000000,0.000000,0.000000,1.000000,
0.000004,-0.000003,-0.000004,0.000012,-0.000000,-0.000005,-0.000010,0.000007,-0.000002,0.000008,-0.000003,0.000074,-nan,-nan,-nan,0.000000,    ,0.487706,-0.154779,-0.859177,0.399948,-0.486678,-0.865247,-0.120387,1.317009,-0.724767,0.476856,-0.497314,0.125202,0.000000,0.000000,0.000000,1.000000,    ,0.487708,-0.154779,-0.859181,0.399952,-0.486678,-0.865251,-0.120386,1.317001,-0.724769,0.476860,-0.497315,0.125211,0.000000,0.000000,0.000000,1.000000,
0.000002,-0.000003,0.000008,0.000001,-0.000002,-0.000001,-0.000000,0.000005,0.000011,0.000096,-0.000003,0.000002,-nan,-nan,-nan,0.000000,    ,0.919665,-0.333614,0.207168,0.100694,-0.320841,-0.942508,-0.093487,0.159547,0.226446,0.019509,-0.973828,0.543203,0.000000,0.000000,0.000000,1.000000,    ,0.919667,-0.333615,0.207166,0.100694,-0.320842,-0.942509,-0.093487,0.159546,0.226448,0.019507,-0.973831,0.543202,0.000000,0.000000,0.000000,1.000000,
