-0.000001,-0.000002,0.000000,0.000004,-0.000004,0.000000,0.000006,0.000002,-0.000001,0.000018,-0.000003,0.000002,-nan,-nan,-nan,0.000000,    ,-0.811022,-0.305112,0.499149,0.350219,-0.243294,0.951849,0.186525,0.745039,-0.532026,0.029836,-0.846202,0.823289,0.000000,0.000000,0.000000,1.000000,    ,-0.811023,-0.305112,0.499149,0.350217,-0.243293,0.951849,0.186524,0.745041,-0.532026,0.029836,-0.846205,0.823291,0.000000,0.000000,0.000000,1.000000,
0.000003,0.000005,-0.000006,0.000002,0.000010,0.000002,0.000003,0.000007,0.000001,-0.000001,0.000000,0.000000,-nan,-nan,-nan,0.000000,    ,0.942625,0.129908,-0.307543,0.237459,0.086105,0.795425,0.599904,0.280156,0.322560,-0.591965,0.738602,1.318171,0.000000,0.000000,0.000000,1.000000,    ,0.942627,0.129907,-0.307545,0.237459,0.086104,0.795427,0.599905,0.280158,0.322559,-0.591966,0.738602,1.318172,0.000000,0.000000,0.000000,1.000000,
0.000003,0.000000,-0.000001,0.000001,0.000003,-0.000001,0.000011,0.000001,-0.000004,-0.000003,-0.000003,0.000000,-nan,-nan,-nan,0.000000,    ,0.652899,0.449818,-0.609416,0.405073,0.604399,-0.794326,0.061222,1.101511,-0.456536,-0.408302,-0.790484,1.444907,0.000000,0.000000,0.000000,1.000000,    ,0.652900,0.449818,-0.609416,0.405072,0.604401,-0.794327,0.061222,1.101509,-0.456538,-0.408304,-0.790486,1.444907,0.000000,0.000000,0.000000,1.000000,
-0.000003,0.000042,0.000004,0.000001,-0.000002,-0.000003,-0.000004,0.000004,0.000003,-0.000002,0.000002,0.000009,-nan,-nan,-nan,0.000000,    ,-0.943695,0.014446,0.330500,0.499112,-0.231558,-0.742344,-0.628733,0.378505,0.236262,-0.669863,0.703892,0.474609,0.000000,0.000000,0.000000,1.000000,    ,-0.943698,0.014447,0.330501,0.499112,-0.231557,-0.742347,-0.628736,0.378503,0.236263,-0.669864,0.703894,0.474604,0.000000,0.000000,0.000000,1.000000,
0.000001,0.000000,0.000002,0.000001,-0.000001,0.000002,0.000001,0.000000,0.000001,-0.000001,0.000001,0.000001,-nan,-nan,-nan,0.000000,    ,0.444479,0.871824,0.205821,0.668676,-0.803369,0.286314,0.522133,1.551368,0.396279,-0.397427,0.827656,1.509737,0.000000,0.000000,0.000000,1.000000,    ,0.444479,0.871824,0.205820,0.668676,-0.803368,0.286313,0.522133,1.551367,0.396279,-0.397428,0.827657,1.509736,0.000000,0.000000,0.000000,1.000000,
-0.000005,0.000003,-0.000002,0.000009,-0.000002,-0.000002,-0.000000,0.000002,-0.000004,0.000005,0.000003,0.000001,-nan,-nan,-nan,0.000000,    ,-0.437922,0.799902,-0.410344,0.385432,-0.769605,-0.569481,-0.288789,1.504827,-0.464686,0.189336,0.864997,1.689249,0.000000,0.000000,0.000000,1.000000,    ,-0.437924,0.799904,-0.410343,0.385436,-0.769607,-0.569482,-0.288789,1.504824,-0.464688,0.189337,0.864999,1.689246,0.000000,0.000000,0.000000,1.000000,
0.000003,-0.000001,0.000001,0.000000,-0.000002,-0.000001,0.000011,0.000006,0.000004,-0.000002,-0.000006,0.000001,-nan,-nan,-nan,0.000000,    ,0.230390,-0.290728,0.928654,0.569635,-0.849075,-0.526275,0.045889,0.122777,0.475386,-0.799069,-0.368099,1.683713,0.000000,0.000000,0.000000,1.000000,    ,0.230390,-0.290728,0.928655,0.569635,-0.849077,-0.526275,0.045889,0.122777,0.475387,-0.799071,-0.368101,1.683712,0.000000,0.000000,0.000000,1.000000,
0.000022,-0.000002,0.000005,0.000017,-0.000009,0.000006,0.000007,0.000002,-0.000004,-0.000003,-0.000003,0.000000,-nan,-nan,-nan,0.000000,    ,0.034373,-0.629396,0.776324,0.445018,-0.331271,0.725694,0.603016,1.081263,-0.942909,-0.277901,-0.183556,1.223351,0.000000,0.000000,0.000000,1.000000,    ,0.034372,-0.629398,0.776328,0.445011,-0.331274,0.725698,0.603020,1.081265,-0.942914,-0.277902,-0.183557,1.223351,0.000000,0.000000,0.000000,1.000000,
-0.000002,0.000003,0.000002,0.000000,-0.000003,-0.000003,-0.000185,0.000051,0.000000,-0.000003,0.000003,0.000008,-nan,-nan,-nan,0.000000,    ,-0.204763,0.506626,0.837498,1.826302,-0.930897,-0.365222,-0.006666,0.046640,0.302495,-0.780989,0.546400,0.737861,0.000000,0.000000,0.000000,1.000000,    ,-0.204764,0.506627,0.837500,1.826303,-0.930900,-0.365223,-0.006665,0.046638,0.302495,-0.780991,0.546402,0.737856,0.000000,0.000000,0.000000,1.000000,
-0.000001,0.000001,-0.000006,0.000002,0.000002,0.000001,-0.000000,0.000005,-0.000008,-0.000000,-0.000000,0.000000,-nan,-nan,-nan,0.000000,    ,-0.936239,0.291772,-0.195771,0.326796,0.321458,0.486338,-0.812490,0.056033,-0.141851,-0.823617,-0.549121,1.716660,0.000000,0.000000,0.000000,1.000000,    ,-0.936237,0.291772,-0.195772,0.326797,0.321457,0.486339,-0.812490,0.056033,-0.141850,-0.823616,-0.549121,1.716659,0.000000,0.000000,0.000000,1.000000,
-0.000006,0.000001,0.000002,0.000001,0.000001,0.000003,-0.000005,0.000000,-0.000002,0.000003,-0.000001,0.000002,-nan,-nan,-nan,0.000000,    ,-0.268131,0.920235,0.285086,1.157543,0.888758,0.350480,-0.295419,1.161567,-0.371772,0.174161,-0.911841,0.788173,0.000000,0.000000,0.000000,1.000000,    ,-0.268130,0.920234,0.285085,1.157542,0.888758,0.350481,-0.295417,1.161567,-0.371773,0.174161,-0.911840,0.788172,0.000000,0.000000,0.000000,1.000000,
0.000003,-0.000003,-0.000003,0.000000,-0.000004,0.000004,-0.000004,0.000006,0.000002,0.000003,0.000002,0.000003,-nan,-nan,-nan,0.000000,    ,0.656656,-0.378359,-0.652417,1.540072,-0.390337,0.569686,-0.723253,1.262782,0.645322,0.729591,0.226400,1.101135,0.000000,0.000000,0.000000,1.000000,    ,0.656658,-0.378360,-0.652419,1.540072,-0.390339,0.569688,-0.723256,1.262789,0.645323,0.729593,0.226400,1.101138,0.000000,0.000000,0.000000,1.000000,
-0.000001,0.000001,0.000003,0.000002,-0.000001,0.000002,-0.000002,0.000007,-0.000004,-0.000003,-0.000005,0.000005,-nan,-nan,-nan,0.000000,    ,-0.791253,0.550974,0.265231,0.814150,-0.044660,0.380517,-0.923695,0.610872,-0.609856,-0.742721,-0.276479,0.770826,0.000000,0.000000,0.000000,1.000000,    ,-0.791254,0.550974,0.265230,0.814151,-0.044660,0.380518,-0.923697,0.610876,-0.609859,-0.742724,-0.276480,0.770822,0.000000,0.000000,0.000000,1.000000,
0.000002,-0.000001,-0.000001,0.000024,0.000001,0.000002,-0.000001,0.000003,0.000002,-0.000003,0.000004,0.000016,-nan,-nan,-nan,0.000000,    ,0.199582,-0.879045,-0.432952,0.115699,0.944149,0.290744,-0.155080,0.460075,0.262201,-0.377820,0.887977,0.429972,0.000000,0.000000,0.000000,1.000000,    ,0.199581,-0.879046,-0.432951,0.115696,0.944151,0.290745,-0.155081,0.460076,0.262202,-0.377821,0.887981,0.429965,0.000000,0.000000,0.000000,1.000000,
-0.000000,-0.000002,0.000002,0.000006,0.000004,-0.000002,-0.000003,0.000028,0.000002,-0.000057,0.000004,0.000001,-nan,-nan,-nan,0.000000,    ,-0.314666,-0.179600,0.932056,0.582852,0.051318,-0.983719,-0.172230,0.113685,0.947814,-0.006364,0.318760,1.719707,0.000000,0.000000,0.000000,1.000000,    ,-0.314666,-0.179600,0.932058,0.582849,0.051318,-0.983721,-0.172230,0.113682,0.947816,-0.006363,0.318761,1.719705,0.000000,0.000000,0.000000,1.000000,
0.000024,0.000005,0.000004,0.000007,-0.000004,0.000005,0.000007,0.000001,0.000009,-0.000005,0.000005,0.000004,-nan,-nan,-nan,0.000000,    ,0.027870,0.993355,0.111667,1.194948,-0.998883,0.023411,0.041044,0.943057,0.038157,-0.112686,0.992898,1.823107,0.000000,0.000000,0.000000,1.000000,    ,0.027869,0.993360,0.111667,1.194957,-0.998887,0.023411,0.041044,0.943058,0.038157,-0.112686,0.992903,1.823100,0.000000,0.000000,0.000000,1.000000,
0.000027,-0.000003,-0.000008,0.000004,-0.000006,-0.000002,0.000001,0.000002,-0.000003,-0.000005,-0.000055,0.000001,-nan,-nan,-nan,0.000000,    ,0.021250,-0.978178,-0.206677,0.989698,-0.008680,-0.206897,0.978324,0.560968,-0.999736,-0.018996,-0.012887,1.085012,0.000000,0.000000,0.000000,1.000000,    ,0.021251,-0.978182,-0.206679,0.989693,-0.008680,-0.206897,0.978325,0.560967,-0.999739,-0.018996,-0.012886,1.085010,0.000000,0.000000,0.000000,1.000000,
0.000001,-0.000002,0.000009,0.000005,0.000001,-0.000056,-0.000000,0.000003,0.000001,0.000000,0.000002,0.000014,-nan,-nan,-nan,0.000000,    ,0.316494,-0.941136,0.118724,0.617001,0.278610,-0.027412,-0.960013,0.801672,0.906757,0.336916,0.253534,0.048362,0.000000,0.000000,0.000000,1.000000,    ,0.316493,-0.941134,0.118723,0.617004,0.278609,-0.027414,-0.960013,0.801669,0.906758,0.336916,0.253534,0.048362,0.000000,0.000000,0.000000,1.000000,
0.000001,0.000001,0.000001,0.000000,-0.000001,0.000001,0.000000,0.000000,0.000001,-0.000002,0.000002,0.000004,-nan,-nan,-nan,0.000000,    ,0.774544,0.554308,0.304671,1.963239,-0.585906,0.447264,0.675773,0.836535,0.238318,-0.701924,0.671198,1.431200,0.000000,0.000000,0.000000,1.000000,    ,0.774545,0.554308,0.304671,1.963240,-0.585905,0.447264,0.675773,0.836535,0.238318,-0.701926,0.671199,1.431194,0.000000,0.000000,0.000000,1.000000,
0.000002,-0.000012,0.000002,0.000046,0.000002,0.000008,-0.000003,0.000006,-0.000148,0.000003,0.000007,0.000004,-nan,-nan,-nan,0.000000,    ,0.503310,-0.139758,0.852729,0.099317,0.864089,0.087446,-0.495684,0.532334,-0.005292,0.986317,0.164776,1.712058,0.000000,0.000000,0.000000,1.000000,    ,0.503312,-0.139759,0.852730,0.099312,0.864091,0.087446,-0.495685,0.532338,-0.005291,0.986320,0.164774,1.712065,0.000000,0.000000,0.000000,1.000000,
-0.000015,-0.000009,-0.000004,0.000000,-0.000004,-0.000002,0.000006,0.000003,-0.000004,0.000009,0.000054,0.000015,-nan,-nan,-nan,0.000000,    ,-0.086533,-0.202721,-0.975406,1.143206,-0.216265,-0.951909,0.217024,0.482884,-0.972492,0.229726,0.038530,0.113048,0.000000,0.000000,0.000000,1.000000,    ,-0.086532,-0.202723,-0.975409,1.143206,-0.216264,-0.951911,0.217023,0.482882,-0.972497,0.229728,0.038532,0.113050,0.000000,0.000000,0.000000,1.000000,
0.000002,0.000001,-0.000002,0.000002,-0.000004,-0.000001,-0.000002,0.000002,-0.000003,0.000004,-0.000004,0.000001,-nan,-nan,-nan,0.000000,    ,0.258905,0.517933,-0.815300,0.942958,-0.137770,-0.815648,-0.561905,0.543020,-0.956027,0.257804,-0.139819,1.944238,0.000000,0.000000,0.000000,1.000000,    ,0.258905,0.517934,-0.815301,0.942960,-0.137771,-0.815649,-0.561906,0.543021,-0.956030,0.257805,-0.139819,1.944241,0.000000,0.000000,0.000000,1.000000,
0.000002,0.000000,-0.000001,0.000001,0.000004,0.000002,0.000001,0.000001,0.000002,-0.000001,-0.000001,0.000002,-nan,-nan,-nan,0.000000,    ,0.525810,0.780632,-0.337842,0.656705,0.223153,0.256670,0.940385,1.663945,0.820808,-0.569854,-0.039241,0.553681,0.000000,0.000000,0.000000,1.000000,    ,0.525811,0.780632,-0.337841,0.656704,0.223154,0.256671,0.940386,1.663946,0.820810,-0.569855,-0.039241,0.553679,0.000000,0.000000,0.000000,1.000000,
0.000004,0.000006,0.000003,0.000000,-0.000004,-0.000000,0.000001,0.000005,0.000002,-0.000003,-0.000003,0.000000,-nan,-nan,-nan,0.000000,    ,0.851653,0.185131,0.490320,0.607002,-0.104050,-0.857191,0.504378,0.376788,0.513674,-0.480573,-0.710766,0.872903,0.000000,0.000000,0.000000,1.000000,    ,0.851657,0.185132,0.490322,0.607002,-0.104051,-0.857190,0.504378,0.376790,0.513674,-0.480575,-0.710768,0.872903,0.000000,0.000000,0.000000,1.000000,
0.000001,-0.000005,-0.000000,0.000002,0.000004,0.000002,0.000007,0.000002,0.000003,-0.000001,0.000004,0.000003,-nan,-nan,-nan,0.000000,    ,0.596700,-0.158400,-0.786676,0.937756,0.271800,0.962274,0.012406,1.957915,0.755032,-0.221221,0.617242,0.913193,0.000000,0.000000,0.000000,1.000000,    ,0.596699,-0.158399,-0.786676,0.937757,0.271802,0.962275,0.012406,1.957919,0.755034,-0.221221,0.617244,0.913191,0.000000,0.000000,0.000000,1.000000,
